call_mark,call_oi,call_volume,call_gamma,call_delta,call_vega,strike_price,put_gamma,put_delta,put_vega,put_volume,put_oi,put_mark,Expiry,timestamp_IST,max_pain
10242.22915984,178,0.281,6.05e-06,0.98878103,1.69325328,69000,,,,,,,11-09-2026,19:24,357857
9243.89149361,15,0.203,7.98e-06,0.98575881,2.08123486,70000,1.83e-06,-0.00197714,0.36055355,161.56799999999996,291389.0,2.1151059,11-09-2026,19:24,262513
8247.14685106,20,0.001,9.64e-06,0.98432322,2.26029605,71000,4.51e-06,-0.00540677,0.89095495,220.42100000000002,107153.0,5.95738607,11-09-2026,19:24,196080
7256.1403973,0,0.101,1.365e-05,0.97830083,2.9817023,72000,8.57e-06,-0.01082487,1.6413922,217.60399999999993,135103.0,12.71122692,11-09-2026,19:24,140364
6256.10098045,5,0.23500000000000001,1.748e-05,0.9750209,3.35621263,73000,1.118e-05,-0.01264371,1.87804074,596.5269999999998,107301.0,13.17022595,11-09-2026,19:24,98035
5265.85432346,21,0.15600000000000003,2.558e-05,0.96513655,4.42621388,74000,1.939e-05,-0.02205488,3.02287553,110.84300000000005,66112.0,22.68926888,11-09-2026,19:24,66469
4288.70921276,138,0.07600000000000001,4.15e-05,0.9420652,6.66008619,75000,3.499e-05,-0.04138022,5.09098174,192.384,69208.0,43.76142087,11-09-2026,19:24,41516
3803.78459899,2,0.026000000000000002,5.132e-05,0.93024672,7.69474766,75500,4.658e-05,-0.05627904,6.51038312,30.421000000000003,23353.0,59.9266652,11-09-2026,19:24,32333
3327.69378688,1000,1.891,6.551e-05,0.90959003,9.36334176,76000,6.258e-05,-0.07920648,8.47894669,95.00999999999995,32968.0,84.86287687,11-09-2026,19:24,24422
2872.07842228,123,0.004,8.345e-05,0.8796069,11.52365451,76500,8.22e-05,-0.11159974,10.9194333,14.671999999999997,2581.0,127.88988105,11-09-2026,19:24,18401
2437.80122367,3377,0.9690000000000002,0.00010546,0.83241096,14.40921776,77000,0.00010531,-0.15802862,13.87061927,38.981,20535.0,194.64247204,11-09-2026,19:24,12465
2272.00336111,100,0.10200000000000001,0.00011401,0.81224716,15.48210771,77200,0.00011472,-0.17985372,15.07357959,9.54,6704.0,228.45992159,11-09-2026,19:24,10992
2112.03074654,0,0.183,0.00012285,0.78930573,16.59606166,77400,0.00012466,-0.20488746,16.32237167,4.854,3104.0,267.25422712,11-09-2026,19:24,9100
2032.21797929,393,0.127,0.0001276,0.77434399,17.26230284,77500,0.00012877,-0.21646015,16.85947254,9.938999999999997,4567.0,288.84691604,11-09-2026,19:24,8168
1955.94266789,25,0.673,0.0001311,0.76228739,17.77326321,77600,0.00013377,-0.23105569,17.49425563,12.063999999999997,1820.0,311.99630288,11-09-2026,19:24,7316
1806.5972463,40,0.8010000000000002,0.00013967,0.73370515,18.86820756,77800,0.0001424,-0.25879733,18.59572616,4.365,2777.0,362.15742483,11-09-2026,19:24,5701
1662.992141,4788,9.090999999999998,0.00014734,0.70627132,19.78839759,78000,0.00015023,-0.28884396,19.63407686,25.071999999999992,12598.0,419.03679419,11-09-2026,19:24,4101
1525.5365414,100,1.6360000000000001,0.00015391,0.67488955,20.6845767,78200,0.00015688,-0.31855802,20.51431888,9.911999999999995,1370.0,482.05429049,11-09-2026,19:24,3211
1397.43559626,161,1.4170000000000003,0.00015938,0.64407562,21.4142091,78400,0.00016285,-0.35313307,21.35368939,28.648999999999994,4847.0,552.75894779,11-09-2026,19:24,2031
1334.75323877,3787,6.8509999999999955,0.00016162,0.62732798,21.74746117,78500,0.00016543,-0.3703421,21.70268695,14.769999999999994,6820.0,591.32381831,11-09-2026,19:24,1271
1277.28325362,2106,10.645999999999997,0.00016348,0.61249043,22.01059523,78600,0.00016713,-0.38533533,21.97441857,7.532999999999997,940.0,632.78764859,11-09-2026,19:24,964
1165.79014823,3286,12.209999999999994,0.00016604,0.57718559,22.4948939,78800,0.00016962,-0.41944936,22.45970531,7.582999999999996,2471.0,722.31982978,11-09-2026,19:24,418
1062.98010939,12639,30.188000000000024,0.00016674,0.54329145,22.79015381,79000,0.00017081,-0.45603877,22.78583256,31.694999999999986,8672.0,818.8122806,11-09-2026,19:24,-19
965.51893991,2047,17.365,0.00016697,0.51164141,22.91892278,79200,0.00017035,-0.49022041,22.91843543,10.883000000000001,1782.0,921.13461606,11-09-2026,19:24,400
875.38754778,2534,11.094000000000003,0.00016571,0.47860988,22.89599139,79400,0.00016953,-0.52234816,22.89265367,13.056000000000001,2940.0,1031.23767964,11-09-2026,19:24,295
834.00822291,6691,7.985999999999999,0.00016449,0.4603479,22.81197372,79500,0.00016812,-0.53878195,22.82053073,11.263999999999998,7376.0,1090.26800738,11-09-2026,19:24,199
794.9968223,926,9.378,0.00016298,0.44594313,22.71743132,79600,0.00016665,-0.55540045,22.70715962,10.613,7814.0,1149.57938779,11-09-2026,19:24,80
720.96469758,129,1.391,0.00015911,0.41472419,22.40241548,79800,0.00016241,-0.58715129,22.379372,0.831,108.0,1277.19243536,11-09-2026,19:24,-318
653.23410394,10178,23.343999999999994,0.00015434,0.3833793,21.93911366,80000,0.00015773,-0.61792067,21.91975392,16.593999999999998,9278.0,1409.31750595,11-09-2026,19:24,110
588.84830341,483,0.7909999999999999,0.0001491,0.35459754,21.38566587,80200,0.00015226,-0.64740581,21.34515244,0.44,150.0,1545.85269231,11-09-2026,19:24,289
530.46270285,40,0.061,0.00014335,0.32728645,20.74243756,80400,0.00014643,-0.67580645,20.66456045,0.085,85.0,1686.94399556,11-09-2026,19:24,1128
505.16608193,4013,6.920999999999998,0.00014041,0.31510001,20.41907853,80500,0.00014304,-0.68900342,20.30469163,1.2810000000000001,1014.0,1761.13655745,11-09-2026,19:24,1534
480.31275662,1609,1.8290000000000002,0.00013692,0.30125691,20.01792905,80600,0.00013931,-0.70320868,19.88309961,,0.0,1836.68789356,11-09-2026,19:24,2026
397.71177213,11585,34.875,0.00012283,0.256685,18.51614336,81000,0.00012453,-0.74900437,18.2995582,2.532,2621.0,2154.18474235,11-09-2026,19:24,4042
304.32260173,4524,14.244999999999994,0.00010664,0.20640236,16.39564549,81500,0.00010759,-0.80042375,16.07012238,0.25999999999999995,192.0,2559.95885309,11-09-2026,19:24,7071
228.01410139,11843,23.714999999999996,9.006e-05,0.16169363,14.07781724,82000,9.034e-05,-0.84660788,13.60084581,0.084,1042.0,2984.14436181,11-09-2026,19:24,10529
173.06429751,7842,11.047999999999996,7.541e-05,0.12774682,12.011859,82500,7.393e-05,-0.88239431,11.33287301,0.252,2234.0,3427.22644285,11-09-2026,19:24,14501
131.08272705,41911,30.957,6.193e-05,0.09972691,10.06647371,83000,5.97e-05,-0.91101614,9.2547622,0.12100000000000001,1862.0,3887.02881148,11-09-2026,19:24,18388
96.0221691,4217,3.1269999999999993,4.994e-05,0.07607967,8.22489756,83500,4.667e-05,-0.93517078,7.27249847,0.011,610.0,4351.4339054,11-09-2026,19:24,24919
70.49195402,11777,87.50999999999999,3.97e-05,0.05755771,6.62661363,84000,3.473e-05,-0.9556245,5.38598521,0.012,500.0,4826.1717695,11-09-2026,19:24,31641
41.29461685,70196,118.10400000000004,2.541e-05,0.03497754,4.43871548,85000,1.777e-05,-0.98035187,2.74076131,0.182,2456.0,5797.41498211,11-09-2026,19:24,46605
22.40438125,67774,123.801,1.536e-05,0.01984621,2.76418493,86000,0.0,-1.0,0.0,0.077,50.0,6777.42275633,11-09-2026,19:24,67858
15.58886017,108320,153.197,1.041e-05,0.01349749,1.98714797,87000,0.0,-1.0,0.0,0.026000000000000002,25.0,7777.4,11-09-2026,19:24,97145
11.9882639,114826,137.08200000000002,7.58e-06,0.0101043,1.54550285,88000,0.0,-1.0,0.0,0.001,330.0,8777.4,11-09-2026,19:24,137298
6.0197758,67137,67.66799999999999,4.29e-06,0.00534466,0.88182747,89000,0.0,-1.0,0.0,0.475,575.0,9777.4,11-09-2026,19:24,188666
3.12586593,164242,203.972,2.38e-06,0.00280138,0.49433457,90000,,,,,,,11-09-2026,19:24,246434
9997.50161183,209,0.31200000000000006,6.27e-06,0.98863869,1.70374222,69000,,,,,,,11-09-2026,19:33,345516
8999.44207272,15,0.203,8.07e-06,0.98612287,2.02584642,70000,2.51e-06,-0.00283969,0.49798152,153.38399999999996,295389.0,2.96907601,11-09-2026,19:33,251093
8004.92212104,20,0.001,1.132e-05,0.98089339,2.66405785,71000,5.42e-06,-0.00663982,1.06387929,222.94800000000004,104854.0,7.49541628,11-09-2026,19:33,185928
7012.73536721,0,0.101,1.51e-05,0.97596441,3.23450245,72000,1.035e-05,-0.0134895,1.97697592,216.79199999999994,147227.0,15.73736119,11-09-2026,19:33,131261
6010.84275026,5,0.23500000000000001,1.882e-05,0.97361345,3.49762714,73000,1.241e-05,-0.01383649,2.02050962,601.3789999999999,101374.0,13.94342458,11-09-2026,19:33,91148
5021.6183414,21,0.10600000000000001,2.763e-05,0.96342863,4.5813022,74000,2.13e-05,-0.02364986,3.19083475,111.15300000000005,66912.0,24.09363001,11-09-2026,19:33,61267
4044.71724487,138,0.07600000000000001,4.398e-05,0.94233302,6.60502837,75000,3.905e-05,-0.04529678,5.45063825,192.11599999999999,62408.0,46.8838102,11-09-2026,19:33,38066
3562.24975768,2,0.026000000000000002,5.673e-05,0.92471774,8.11930114,75500,5.261e-05,-0.06319793,7.09611642,30.157000000000004,23353.0,66.41441169,11-09-2026,19:33,29431
3094.18564518,1000,1.887,7.316e-05,0.8992025,10.09688605,76000,7.053e-05,-0.08941808,9.24440119,94.91899999999995,32181.0,96.62838571,11-09-2026,19:33,22047
2633.86440698,123,0.004,9.367e-05,0.86241678,12.58147819,76500,9.281e-05,-0.12737821,11.93062988,15.071999999999996,2981.0,145.55530815,11-09-2026,19:33,16475
2208.66536317,3377,0.7140000000000002,0.00011725,0.81178975,15.42984701,77000,0.00011757,-0.17944384,14.9801236,38.631,20535.0,220.70099737,11-09-2026,19:33,11048
2056.59600182,100,0.002,0.00012603,0.78887647,16.53690306,77200,0.00012745,-0.20400474,16.20517926,9.639,6803.0,259.3110028,11-09-2026,19:33,9653
1893.95386855,0,0.182,0.00013506,0.76266993,17.67331692,77400,0.00013767,-0.23183538,17.44362083,4.953,3203.0,303.13527584,11-09-2026,19:33,7947
1818.71074054,393,0.10900000000000001,0.00013939,0.74965113,18.190992,77500,0.00014155,-0.24474785,17.97218837,9.932999999999996,4567.0,328.11292289,11-09-2026,19:33,7107
1753.43431218,25,0.633,0.00014343,0.73519849,18.72916256,77600,0.00014646,-0.26082518,18.58194596,11.565999999999995,1955.0,354.5957294,11-09-2026,19:33,6335
1612.45278597,40,0.6010000000000001,0.00015126,0.70540113,19.7243829,77800,0.00015421,-0.29209239,19.64358895,4.333,2777.0,413.75075804,11-09-2026,19:33,4923
1477.64606233,4788,7.850999999999997,0.0001578,0.67122718,20.68117722,78000,0.00016112,-0.32448457,20.57145651,24.94599999999999,12598.0,478.93307393,11-09-2026,19:33,3524
1350.65770027,435,1.9449999999999998,0.00016323,0.64088058,21.38226251,78200,0.00016667,-0.35638645,21.32473925,9.876999999999995,1370.0,551.2059616,11-09-2026,19:33,2685
1229.87472101,161,1.4170000000000003,0.00016658,0.60481801,22.02492992,78400,0.00017069,-0.39081621,21.96028036,28.649999999999995,1849.0,635.08604972,11-09-2026,19:33,1761
1172.44868956,3787,5.537999999999996,0.00016891,0.58988302,22.23834548,78500,0.00017267,-0.40811358,22.21238505,12.590999999999992,6820.0,673.92042819,11-09-2026,19:33,1230
1111.48424625,2106,10.645999999999997,0.00016997,0.57245656,22.44208144,78600,0.00017395,-0.42599748,22.42610264,7.532999999999997,940.0,719.99831632,11-09-2026,19:33,887
1017.15441534,3287,11.881999999999994,0.00017108,0.53836082,22.71478231,78800,0.00017473,-0.46159587,22.71354353,7.596999999999996,2521.0,818.26953567,11-09-2026,19:33,460
923.20293066,12562,29.696000000000023,0.00017004,0.50388416,22.81893411,79000,0.00017392,-0.4979453,22.81669254,31.669999999999987,8837.0,925.36748745,11-09-2026,19:33,110
835.60249398,2055,17.732,0.00016833,0.46995397,22.75460898,79200,0.00017219,-0.53049318,22.75366827,11.284,1701.0,1035.76946922,11-09-2026,19:33,403
750.66433147,2839,11.611000000000004,0.00016543,0.4369896,22.53394592,79400,0.00016885,-0.56423282,22.52334619,13.056000000000001,2895.0,1156.98424033,11-09-2026,19:33,424
718.04224762,6716,8.166,0.00016247,0.41844297,22.33518599,79500,0.00016728,-0.58117171,22.34517616,11.261999999999999,7376.0,1218.04161112,11-09-2026,19:33,372
682.60495097,616,9.418,0.00016114,0.40572018,22.17925943,79600,0.00016468,-0.59685444,22.14350745,18.058999999999997,368.0,1290.52667477,11-09-2026,19:33,167
617.0554865,149,1.411,0.00015608,0.37545118,21.69816749,79800,0.00015937,-0.62781705,21.63789013,0.831,108.0,1418.3122512,11-09-2026,19:33,603
553.83180856,10279,22.58,0.00014999,0.34518057,21.07602131,80000,0.00015338,-0.65714736,21.02559086,16.570999999999994,9278.0,1557.66851994,11-09-2026,19:33,1044
504.13108878,483,0.842,0.00014358,0.31812706,20.40226625,80200,0.00014636,-0.68432073,20.33854719,0.44,150.0,1712.99675671,11-09-2026,19:33,1006
454.50059155,135,0.081,0.00013656,0.29362508,19.69136868,80400,0.0001394,-0.710562,19.56225349,0.085,85.0,1855.28888493,11-09-2026,19:33,1855
431.58926698,4013,6.620999999999997,0.00013363,0.28221757,19.32880805,80500,0.00013581,-0.7234054,19.14022065,1.271,1014.0,1930.73127968,11-09-2026,19:33,2273
408.97244903,1809,2.329,0.00013015,0.27004668,18.9146167,80600,0.00013196,-0.73708382,18.65779484,,0.0,2010.17964682,11-09-2026,19:33,2729
326.22654884,12241,34.876000000000005,0.00011621,0.22589026,17.19344117,81000,0.00011747,-0.78059497,16.91029129,1.532,2221.0,2329.55278474,11-09-2026,19:33,4786
249.41683373,4524,13.960999999999995,9.895e-05,0.17908595,14.96154341,81500,9.923e-05,-0.8283839,14.56274811,0.23500000000000001,192.0,2749.97756733,11-09-2026,19:33,7871
187.23252097,11843,23.735,8.271e-05,0.14073112,12.77700217,82000,8.193e-05,-0.86822445,12.21441429,0.084,1042.0,3187.54566816,11-09-2026,19:33,11369
142.35674692,8042,11.047999999999998,6.798e-05,0.10968632,10.73345221,82500,6.6e-05,-0.90069414,9.98644148,0.252,2234.0,3642.22201524,11-09-2026,19:33,15342
105.45296162,42032,30.065999999999995,5.524e-05,0.08491329,8.89411812,83000,5.223e-05,-0.92662304,7.96300516,0.12100000000000001,1862.0,4106.65302424,11-09-2026,19:33,19239
77.77089775,4817,3.304999999999999,4.408e-05,0.06437772,7.19872602,83500,3.976e-05,-0.94817568,6.07017957,0.011,610.0,4577.81048812,11-09-2026,19:33,25709
57.82776295,10077,85.656,3.504e-05,0.04929648,5.83302981,84000,2.933e-05,-0.96449268,4.47251527,0.012,500.0,5057.91974623,11-09-2026,19:33,32529
34.5868794,70192,105.55100000000002,2.247e-05,0.03034384,3.92905493,85000,1.372e-05,-0.98587591,2.05689832,0.182,2456.0,6032.78480639,11-09-2026,19:33,47518
18.10205573,67774,123.801,1.324e-05,0.01666642,2.37075299,86000,0.0,-1.0,0.0,0.077,50.0,7021.5,11-09-2026,19:33,68726
13.72092231,104820,141.13600000000002,9.42e-06,0.01218838,1.81066715,87000,0.0,-1.0,0.0,0.026000000000000002,25.0,8033.3,11-09-2026,19:33,98044
8.08710146,114226,135.98200000000003,5.76e-06,0.0071691,1.13840482,88000,0.0,-1.0,0.0,0.001,330.0,9021.5,11-09-2026,19:33,137882
4.03232783,67117,67.66799999999999,3.2e-06,0.00376095,0.64124272,89000,0.0,-1.0,0.0,0.475,575.0,10021.5,11-09-2026,19:33,188847
1.99239169,165771,204.043,1.75e-06,0.00195948,0.35596732,90000,,,,,,,11-09-2026,19:33,246237
9965.39212632,76,0.44099999999999995,6.44e-06,0.98827594,1.74386434,69000,,,,,,,11-09-2026,19:53,370515
8968.0767147,15,0.203,8.12e-06,0.9860738,2.02382794,70000,2.52e-06,-0.0028476,0.49728863,151.17399999999998,296394.0,2.93226527,11-09-2026,19:53,266781
7973.34888655,20,0.001,1.066e-05,0.98269,2.43936513,71000,5.24e-06,-0.00630756,1.01257096,224.94800000000004,108378.0,6.84816436,11-09-2026,19:53,192538
6980.37225125,0,0.101,1.546e-05,0.97524738,3.30206641,72000,1.009e-05,-0.01289271,1.89351745,332.3659999999999,260987.0,14.89523207,11-09-2026,19:53,129151
5979.9869235,5,0.23500000000000001,1.857e-05,0.97443841,3.39237639,73000,1.203e-05,-0.0131211,1.92244088,666.075,71501.0,12.80063666,11-09-2026,19:53,91532
4988.0618476,21,0.10600000000000001,2.75e-05,0.96408128,4.49685572,74000,2.11e-05,-0.02302632,3.10744782,120.24000000000001,72262.0,22.26938213,11-09-2026,19:53,61363
4009.86269809,138,0.07600000000000001,4.38e-05,0.94403654,6.42493471,75000,3.865e-05,-0.04354078,5.25840022,211.02699999999993,60208.0,42.62911174,11-09-2026,19:53,38361
3529.30464226,2,0.026000000000000002,5.672e-05,0.92626868,7.96044445,75500,5.243e-05,-0.06109487,6.8833266,30.157000000000004,23353.0,60.9732406,11-09-2026,19:53,29752
3059.95983517,1000,1.887,7.355e-05,0.90154134,9.88579364,76000,7.092e-05,-0.08749717,9.0596128,99.66499999999995,29986.0,90.90491439,11-09-2026,19:53,22369
2603.96791508,123,0.004,9.506e-05,0.86361954,12.45601348,76500,9.402e-05,-0.1259249,11.78852002,15.847999999999999,3136.0,138.96450657,11-09-2026,19:53,16711
2181.83166343,3377,0.7140000000000002,0.00011892,0.81315808,15.30156772,77000,0.00011999,-0.17877712,14.88500798,39.042,20696.0,212.11802724,11-09-2026,19:53,11171
2018.84296944,100,0.002,0.00012899,0.78950799,16.44146403,77200,0.0001302,-0.20337006,16.11062157,9.741999999999999,6906.0,250.06761292,11-09-2026,19:53,9739
1863.03092654,0,0.002,0.00013849,0.76331065,17.57662847,77400,0.00014031,-0.23049414,17.32061169,4.953,3203.0,293.77461627,11-09-2026,19:53,7997
1786.223052,393,0.07100000000000001,0.00014279,0.74907643,18.1401529,77500,0.00014521,-0.24550478,17.92942151,10.038999999999998,4566.0,318.53969334,11-09-2026,19:53,7140
1712.36630397,25,0.6240000000000001,0.00014701,0.73366452,18.70832269,77600,0.00014968,-0.26011756,18.48440803,11.906999999999996,1955.0,344.11920108,11-09-2026,19:53,6351
1571.47156328,40,0.504,0.00015526,0.70387776,19.69203395,77800,0.00015834,-0.29208339,19.56639922,4.433,2778.0,402.45098362,11-09-2026,19:53,4901
1437.70355001,4778,7.524999999999999,0.000162,0.67122685,20.6018738,78000,0.00016527,-0.32496537,20.50463723,23.688999999999993,12613.0,468.67481979,11-09-2026,19:53,3465
1313.26378446,100,2.251,0.00016693,0.63706383,21.37394656,78200,0.00017065,-0.36068422,21.32733883,8.116999999999994,1375.0,545.42603481,11-09-2026,19:53,2578
1199.1985696,161,1.4120000000000004,0.00017055,0.60170395,21.98514241,78400,0.00017427,-0.39558773,21.94600322,32.727999999999994,1854.0,630.03779344,11-09-2026,19:53,1563
1143.30617389,3787,4.865999999999997,0.00017172,0.58485855,22.21291177,78500,0.00017562,-0.41348223,22.19236448,12.74499999999999,6820.0,674.93589979,11-09-2026,19:53,1009
1090.80984726,2106,10.565999999999997,0.00017274,0.56670169,22.40934113,78600,0.00017656,-0.43178362,22.39524122,7.532999999999997,940.0,721.95141044,11-09-2026,19:53,631
988.32400917,3287,11.518999999999993,0.00017353,0.53233024,22.6543263,78800,0.00017762,-0.46755126,22.65303706,7.897999999999994,2616.0,819.16789808,11-09-2026,19:53,153
893.99515473,12420,31.274000000000015,0.00017286,0.49765689,22.72866841,79000,0.00017658,-0.50267723,22.72856027,33.4,10429.0,924.01825357,11-09-2026,19:53,-258
811.39601136,2199,18.159,0.00017002,0.46302753,22.62995444,79200,0.00017404,-0.53739371,22.62905604,11.594000000000001,1708.0,1040.54286132,11-09-2026,19:53,-176
733.71935878,2888,11.682000000000002,0.00016657,0.43056698,22.38336508,79400,0.00017017,-0.57097196,22.36828097,13.349,2895.0,1164.88950961,11-09-2026,19:53,-162
698.28291052,7052,9.097,0.00016423,0.41495687,22.21066673,79500,0.00016776,-0.58775756,22.17590134,10.720999999999997,7377.0,1228.37344973,11-09-2026,19:53,-223
663.05400122,888,9.800999999999998,0.00016201,0.39859071,21.98951861,79600,0.00016513,-0.60348243,21.95927655,18.066999999999997,368.0,1294.33916436,11-09-2026,19:53,-428
596.86903568,144,1.4160000000000001,0.00015678,0.36814029,21.47475713,79800,0.00016023,-0.63549384,21.40387987,0.831,108.0,1425.51626768,11-09-2026,19:53,26
538.61823972,10368,22.827999999999996,0.00015076,0.34031887,20.88382779,80000,0.0001537,-0.66448858,20.7678118,17.070999999999994,9411.0,1570.71914617,11-09-2026,19:53,467
488.89820914,483,0.8919999999999999,0.00014366,0.3139671,20.21132807,80200,0.00014606,-0.69145312,20.05726536,0.445,155.0,1718.87920642,11-09-2026,19:53,390
443.86585082,6040,8.281,0.00013614,0.28868398,19.45944492,80400,0.0001384,-0.71648885,19.2928805,0.09000000000000001,90.0,1874.06315003,11-09-2026,19:53,1243
421.03887622,4113,6.006999999999999,0.00013281,0.27699523,19.07800325,80500,0.00013473,-0.72879398,18.87878493,1.212,1019.0,1949.75327022,11-09-2026,19:53,1984
399.30822354,1809,3.0290000000000004,0.00012927,0.26528933,18.67157061,80600,0.0001313,-0.74067783,18.4552152,,0.0,2029.25905274,11-09-2026,19:53,2499
316.36963463,12246,34.117999999999995,0.00011546,0.2201356,16.87533285,81000,0.00011662,-0.78646191,16.58111369,1.9320000000000004,2221.0,2344.98022664,11-09-2026,19:53,4806
238.32630176,4524,14.758999999999997,9.771e-05,0.17298299,14.57749647,81500,9.796e-05,-0.83425216,14.18372825,0.24500000000000002,182.0,2767.54679315,11-09-2026,19:53,8189
181.48353916,16813,28.706,8.146e-05,0.13671957,12.47760406,82000,8.045e-05,-0.87288796,11.86517471,0.084,1042.0,3211.66441697,11-09-2026,19:53,11999
136.81264718,8087,10.724999999999998,6.682e-05,0.10633856,10.455025,82500,6.493e-05,-0.90363229,9.73135076,0.252,2234.0,3666.33343455,11-09-2026,19:53,16614
101.79826482,41982,29.406,5.41e-05,0.08217963,8.64332901,83000,5.087e-05,-0.92958206,7.68451118,0.12100000000000001,1862.0,4131.66654878,11-09-2026,19:53,21067
75.33073577,4927,3.751999999999999,4.322e-05,0.06268533,7.0228098,83500,3.854e-05,-0.95052246,5.8267338,0.011,610.0,4605.28531492,11-09-2026,19:53,28078
56.53311904,10266,85.675,3.427e-05,0.04788567,5.6762161,84000,2.894e-05,-0.96487577,4.41510644,0.027,500.0,5086.32077352,11-09-2026,19:53,35465
32.81415302,65678,113.07900000000001,2.171e-05,0.02895162,3.76364332,85000,1.273e-05,-0.98722579,1.87851421,0.182,2456.0,6062.30019409,11-09-2026,19:53,51605
18.03773196,67914,125.54599999999999,1.316e-05,0.01662135,2.3561346,86000,0.0,-1.0,0.0,0.077,50.0,7051.1,11-09-2026,19:53,73482
14.27209213,107920,146.20000000000002,9.55e-06,0.01249829,1.84333853,87000,0.0,-1.0,0.0,0.026000000000000002,25.0,8051.5,11-09-2026,19:53,103515
6.97747393,113326,165.892,5.29e-06,0.00641789,1.02822995,88000,0.0,-1.0,0.0,0.001,330.0,9051.1,11-09-2026,19:53,144390
3.06117386,65317,68.17899999999999,2.65e-06,0.00295384,0.51398345,89000,0.0,-1.0,0.0,0.475,575.0,10051.1,11-09-2026,19:53,196277
2.03236876,165831,172.47000000000003,1.75e-06,0.00195488,0.35379849,90000,,,,,,,11-09-2026,19:53,254415
9649.16774829,3,0.49199999999999994,6.65e-06,0.98832597,1.70248098,69000,,,,,,,11-09-2026,21:20,363684
8650.63036318,15,0.203,7.89e-06,0.98740073,1.81892018,70000,2.06e-06,-0.00209951,0.36989452,172.09,315668.0,1.92061296,11-09-2026,21:20,259850
7654.09168099,20,0.001,1.085e-05,0.98338401,2.30813836,71000,5.13e-06,-0.00577677,0.91781155,262.727,118579.0,5.78246516,11-09-2026,21:20,187534
6660.42934736,0,0.101,1.522e-05,0.97773785,2.95948052,72000,9.43e-06,-0.01090293,1.60443347,416.0269999999997,238168.0,11.47451025,11-09-2026,21:20,127072
5664.80773728,5,0.23500000000000001,2.073e-05,0.97219303,3.56633242,73000,1.417e-05,-0.01532235,2.15318957,713.5399999999996,78837.0,15.03219378,11-09-2026,21:20,90206
4674.60049637,21,0.10600000000000001,3.105e-05,0.96062796,4.74937988,74000,2.476e-05,-0.02661351,3.43817935,130.07899999999995,72353.0,25.26620603,11-09-2026,21:20,61383
3701.15853686,138,0.12200000000000001,5.082e-05,0.93597203,6.99627506,75000,4.632e-05,-0.05236778,5.97375036,246.14799999999985,49738.0,51.30918457,11-09-2026,21:20,39740
3221.29268147,2,0.026000000000000002,6.575e-05,0.91653502,8.56926578,75500,6.213e-05,-0.07201257,7.66116386,30.590000000000018,23336.0,71.42491985,11-09-2026,21:20,31294
2753.41400369,1000,0.9470000000000001,8.577e-05,0.88768022,10.65532941,76000,8.341e-05,-0.10115163,9.88028981,111.611,21111.0,103.18173214,11-09-2026,21:20,24054
2308.35126927,128,0.009000000000000001,0.00011075,0.84426238,13.34454379,76500,0.00011053,-0.14672821,12.82604563,17.980999999999998,4827.0,158.61166911,11-09-2026,21:20,18142
1896.0590369,3177,1.1900000000000004,0.00013776,0.78408334,16.35215209,77000,0.00013929,-0.20862573,16.02757646,53.743,20368.0,245.75139456,11-09-2026,21:20,12374
1741.27467262,100,0.002,0.00014803,0.755903,17.51536548,77200,0.00015034,-0.23797296,17.27498668,9.927999999999999,6852.0,291.26055057,11-09-2026,21:20,10658
1593.4459485,5,0.007,0.00015778,0.72528979,18.61836621,77400,0.00016063,-0.26931355,18.43557733,6.209,3197.0,342.3107962,11-09-2026,21:20,8797
1521.67929814,390,0.061000000000000006,0.00016221,0.7100869,19.1081587,77500,0.00016549,-0.28611324,18.9884242,10.961999999999996,4621.0,370.89120367,11-09-2026,21:20,7882
1451.69733761,25,0.615,0.00016668,0.69251313,19.62525865,77600,0.00017013,-0.30293371,19.49552215,12.924999999999994,1596.0,400.73495131,11-09-2026,21:20,7012
1317.20260335,75,0.43000000000000005,0.00017404,0.65914002,20.47650699,77800,0.00017799,-0.33784765,20.40594638,5.964999999999999,1523.0,467.14566482,11-09-2026,21:20,5470
1191.90119576,4383,9.783999999999995,0.00018046,0.62234778,21.21565614,78000,0.00018451,-0.37493337,21.16779644,25.53799999999999,12421.0,541.25727413,11-09-2026,21:20,3959
1074.9280856,1350,8.299999999999999,0.00018436,0.58638551,21.74879359,78200,0.00018869,-0.41267461,21.73623859,9.174999999999994,2637.0,624.1929672,11-09-2026,21:20,2695
967.72589616,824,13.815999999999999,0.00018644,0.5481355,22.10972904,78400,0.00019063,-0.45029978,22.09989157,34.260000000000005,1903.0,716.93528086,11-09-2026,21:20,1642
917.10258765,5919,10.872999999999998,0.00018679,0.52895753,22.21296625,78500,0.00019111,-0.46950471,22.20792225,13.196999999999987,6784.0,766.02147011,11-09-2026,21:20,1095
868.71799957,3673,12.763999999999998,0.00018692,0.51062921,22.26414217,78600,0.00019102,-0.48981186,22.26434346,8.315999999999997,1635.0,817.85911544,11-09-2026,21:20,756
778.28176407,4468,16.525999999999996,0.00018518,0.47425606,22.22663539,78800,0.00018942,-0.52747905,22.21905026,12.853999999999992,4081.0,927.63387558,11-09-2026,21:20,322
694.84158337,16151,26.439999999999998,0.00018172,0.43814878,22.00473148,79000,0.00018591,-0.56467209,21.97809998,35.68899999999999,11124.0,1044.20148493,11-09-2026,21:20,-157
619.77728089,1880,31.037,0.00017694,0.40248587,21.60330307,79200,0.00018091,-0.5992825,21.57962229,12.381999999999994,975.0,1168.84567988,11-09-2026,21:20,-100
552.29852252,3828,14.819000000000003,0.00017097,0.36907182,21.06161873,79400,0.00017451,-0.63446921,20.99417313,14.497,2937.0,1300.82622336,11-09-2026,21:20,57
522.11452694,7040,7.837999999999994,0.00016729,0.3526923,20.73498682,79500,0.00017077,-0.65075675,20.66186101,9.636999999999995,6977.0,1370.58314329,11-09-2026,21:20,31
493.39031549,1859,13.101999999999993,0.00016368,0.33766262,20.40150493,79600,0.00016706,-0.66650459,20.3027331,19.083,219.0,1441.71041649,11-09-2026,21:20,-272
442.32312225,81,1.7290000000000003,0.00015557,0.308585,19.65629992,79800,0.00015851,-0.69630289,19.51792404,0.992,27.0,1589.87827292,11-09-2026,21:20,399
396.415125,18423,35.02799999999999,0.00014719,0.28127423,18.83415505,80000,0.00014953,-0.72428076,18.65168179,21.126999999999995,12582.0,1744.78437819,11-09-2026,21:20,1012
355.02164561,395,1.236,0.00013833,0.25591338,17.95956326,80200,0.00014046,-0.74948722,17.76009356,0.457,152.0,1903.33694745,11-09-2026,21:20,781
316.24250258,10940,21.633000000000003,0.00012994,0.23262449,17.05961412,80400,0.0001315,-0.77388595,16.7903627,0.14500000000000002,35.0,2064.27482645,11-09-2026,21:20,2011
298.03777342,6121,8.108999999999998,0.00012582,0.22191401,16.61308509,80500,0.00012696,-0.78533869,16.29729656,1.2000000000000002,1060.0,2146.09110178,11-09-2026,21:20,3081
280.98119886,1831,3.120999999999999,0.00012161,0.21096008,16.1334732,80600,0.00012245,-0.79669204,15.78352328,0.1,100.0,2229.36695249,11-09-2026,21:20,3840
222.51767221,13446,36.876000000000005,0.00010506,0.17258178,14.26483129,81000,0.00010523,-0.8356583,13.82304683,2.922,2222.0,2570.50131983,11-09-2026,21:20,7162
166.41447524,4737,14.935999999999995,8.597e-05,0.13316804,12.00802292,81500,8.477e-05,-0.87682513,11.37444338,0.20800000000000002,185.0,3014.07621309,11-09-2026,21:20,11790
126.00549494,17437,35.434000000000005,6.973e-05,0.10344827,10.04294736,82000,6.727e-05,-0.90766769,9.23952718,0.08600000000000001,1042.0,3473.45598058,11-09-2026,21:20,16958
96.91555363,6357,11.609,5.605e-05,0.08048467,8.33769107,82500,5.251e-05,-0.93138682,7.38095695,0.20900000000000007,2227.0,3943.54999313,11-09-2026,21:20,22886
74.2549977,45666,35.361,4.511e-05,0.06319935,6.92600457,83000,4.021e-05,-0.95011751,5.74700402,0.30100000000000005,1762.0,4421.53282984,11-09-2026,21:20,28568
54.89072305,7321,9.691999999999997,3.522e-05,0.04722494,5.50078837,83500,2.909e-05,-0.96659147,4.15188439,0.011,610.0,4900.92054676,11-09-2026,21:20,36998
41.56445577,41511,122.80399999999996,2.782e-05,0.03638992,4.45369433,84000,2.048e-05,-0.9780664,2.92280232,0.08399999999999999,500.0,5388.49164249,11-09-2026,21:20,46005
28.64960601,142228,203.96799999999996,1.879e-05,0.02478621,3.23958171,85000,9.04e-06,-0.99154161,1.28516014,0.212,2456.0,6375.46100671,11-09-2026,21:20,68643
14.99781983,63599,137.219,1.105e-05,0.01368005,1.95293813,86000,0.0,-1.0,0.0,0.077,50.0,7368.4,11-09-2026,21:20,104687
6.4816689,68949,206.79400000000004,5.68e-06,0.0064072,1.00602684,87000,0.0,-1.0,0.0,0.026000000000000002,25.0,8368.4,11-09-2026,21:20,148313
3.11698027,55631,220.526,2.95e-06,0.00311762,0.52875439,88000,0.0,-1.0,0.0,0.001,330.0,9368.4,11-09-2026,21:20,198802
1.09445348,60893,88.547,1.24e-06,0.00118893,0.22027761,89000,0.0,-1.0,0.0,0.509,541.0,10368.4,11-09-2026,21:20,254571
1.0923171,175570,187.82000000000005,1.07e-06,0.00110583,0.20613418,90000,,,,,,,11-09-2026,21:20,316222
9870.82824561,253,0.842,6.01e-06,0.98951515,1.52618798,69000,,,,,,,11-09-2026,22:58,389776
8871.77273944,15,0.203,7.43e-06,0.98798292,1.71831676,70000,1.27e-06,-0.00119144,0.21722186,200.74900000000002,336162.0,1.0637896,11-09-2026,22:58,283702
7873.83918951,20,0.001,9.62e-06,0.98546418,2.02533756,71000,3.17e-06,-0.00319887,0.53261453,309.044,70591.0,3.03976409,11-09-2026,22:58,210973
6880.15841987,0,0.101,1.341e-05,0.98069602,2.58159423,72000,7.29e-06,-0.00796972,1.20039065,492.12099999999964,200887.0,8.02992237,11-09-2026,22:58,145323
5887.79755417,5,0.255,1.942e-05,0.97326526,3.39681156,73000,1.418e-05,-0.01633016,2.2382257,831.2689999999991,148201.0,16.47643993,11-09-2026,22:58,99605
4896.87228725,21,0.08600000000000002,2.877e-05,0.9624859,4.49382853,74000,2.304e-05,-0.02565175,3.28136798,155.37400000000002,61663.0,25.43323781,11-09-2026,22:58,68628
3910.27090602,138,0.182,4.386e-05,0.94676914,5.95622335,75000,3.839e-05,-0.04102668,4.8333881,262.3949999999998,54265.0,38.34631986,11-09-2026,22:58,43914
3422.7013819,2,0.026000000000000002,5.634e-05,0.9326193,7.16374055,75500,5.143e-05,-0.05498854,6.11138554,33.195000000000014,25439.0,50.75855951,11-09-2026,22:58,34196
2946.65518037,1000,0.927,7.407e-05,0.91021063,8.90726835,76000,7.062e-05,-0.07830846,8.03753511,173.55500000000006,31378.0,73.73333,11-09-2026,22:58,25776
2485.33020347,128,0.009000000000000001,9.794e-05,0.87507484,11.30624332,76500,9.647e-05,-0.11497924,10.66392038,23.81499999999999,7932.0,112.97992172,11-09-2026,22:58,19167
2049.63521975,3218,1.2160000000000002,0.00012657,0.82410712,14.20957251,77000,0.00012715,-0.16734422,13.76440282,59.917000000000016,25933.0,176.75563361,11-09-2026,22:58,12840
1884.60988444,100,0.001,0.00013861,0.79872986,15.44143209,77200,0.00014002,-0.19338629,15.07277591,9.889,7133.0,211.56594889,11-09-2026,22:58,11116
1724.66343954,5,0.006,0.00015059,0.77105761,16.64140057,77400,0.00015269,-0.22225813,16.36466197,8.629999999999999,3748.0,252.05338106,11-09-2026,22:58,9204
1647.61732345,399,0.07,0.00015628,0.75572049,17.24599374,77500,0.00015883,-0.23786809,16.99835218,10.394999999999996,4496.0,274.88426143,11-09-2026,22:58,8258
1573.01955898,39,0.6030000000000001,0.00016173,0.73972493,17.8325846,77600,0.00016459,-0.25433446,17.6196453,28.459999999999994,1297.0,299.72524632,11-09-2026,22:58,7396
1428.04458534,75,0.42900000000000005,0.00017199,0.70625094,18.92139704,77800,0.00017542,-0.28870745,18.76901521,6.320999999999999,1479.0,355.3752602,11-09-2026,22:58,5783
1292.52980932,4430,8.618999999999994,0.00018101,0.67084603,19.87830208,78000,0.000185,-0.32505816,19.77743295,27.07399999999999,14955.0,417.59946305,11-09-2026,22:58,4192
1161.68061324,1371,8.163,0.00018842,0.63359544,20.67952931,78200,0.00019281,-0.36332679,20.62125349,7.443999999999994,2533.0,488.57544007,11-09-2026,22:58,2978
1042.52216655,404,14.336000000000002,0.00019368,0.59489605,21.29737136,78400,0.00019834,-0.40302975,21.26984982,34.08000000000001,2207.0,569.053657,11-09-2026,22:58,1930
985.4611067,6225,13.642,0.00019564,0.57522693,21.52976187,78500,0.00020039,-0.42311405,21.51204995,11.53799999999999,6900.0,612.57803441,11-09-2026,22:58,1331
932.26901416,4943,11.498999999999999,0.00019691,0.55546045,21.7083224,78600,0.00020159,-0.44348929,21.70028385,10.033999999999995,2055.0,658.69112431,11-09-2026,22:58,1137
830.87840696,5711,19.064999999999994,0.00019764,0.51572326,21.90368833,78800,0.0002025,-0.48413801,21.90324344,18.50299999999999,7901.0,757.68864831,11-09-2026,22:58,834
737.23598084,16795,29.902000000000008,0.00019667,0.47633899,21.88215027,79000,0.00020147,-0.52448826,21.87940557,34.422999999999995,10891.0,863.94849909,11-09-2026,22:58,353
650.42699032,3771,35.535999999999994,0.00019404,0.43752998,21.65122902,79200,0.00019869,-0.56426489,21.63561137,12.228000000000002,2276.0,977.25399783,11-09-2026,22:58,847
571.88964207,3836,15.292000000000002,0.00018944,0.39971854,21.22433303,79400,0.00019397,-0.60306675,21.1849657,14.347,3931.0,1098.40200852,11-09-2026,22:58,1188
535.9049422,4864,10.661999999999995,0.00018646,0.38138101,20.94426941,79500,0.00019071,-0.62180188,20.89085724,9.948999999999996,7027.0,1162.81886532,11-09-2026,22:58,1212
502.53153141,1823,13.546999999999993,0.00018283,0.36359903,20.6264251,79600,0.00018691,-0.63995795,20.55732757,19.031000000000002,312.0,1229.59403946,11-09-2026,22:58,1011
443.68283083,3279,4.929,0.00017447,0.32997618,19.89827022,79800,0.00017798,-0.67432916,19.79277871,0.992,27.0,1370.47625052,11-09-2026,22:58,1818
391.11011374,10284,47.02300000000001,0.00016515,0.29863822,19.06514831,80000,0.00016837,-0.70674358,18.90671782,25.266999999999996,8487.0,1518.17309332,11-09-2026,22:58,2780
343.54530956,395,1.339,0.00015556,0.26899898,18.13393668,80200,0.00015818,-0.73695663,17.92957273,0.47800000000000004,173.0,1670.33865229,11-09-2026,22:58,3089
300.67570112,11940,29.358,0.00014568,0.24145705,17.13779222,80400,0.00014772,-0.76526927,16.8744748,0.14600000000000002,36.0,1827.389362,11-09-2026,22:58,4280
281.17535832,6121,8.543,0.00014065,0.22853729,16.62477456,80500,0.00014239,-0.77855603,16.3304174,1.195,1060.0,1907.8263299,11-09-2026,22:58,5356
262.58720134,2445,3.734999999999998,0.00013563,0.21588921,16.09343621,80600,0.00013704,-0.79131733,15.77712013,0.1,100.0,1988.98545552,11-09-2026,22:58,6121
200.70400253,13449,38.658000000000015,0.0001156,0.17188783,14.0030746,81000,0.00011578,-0.83737511,13.51185811,2.916,2222.0,2327.26106302,11-09-2026,22:58,9447
146.50255588,5247,17.130999999999997,9.273e-05,0.13014226,11.63240512,81500,9.135e-05,-0.88008029,10.98640369,0.20800000000000002,185.0,2772.63679038,11-09-2026,22:58,14085
109.35210012,16354,40.39,7.36e-05,0.0993016,9.5938123,82000,7.072e-05,-0.91223379,8.75738729,0.116,1082.0,3235.93602746,11-09-2026,22:58,19268
82.8117664,11738,17.5,5.819e-05,0.07632119,7.8821693,82500,5.401e-05,-0.93600231,6.8832854,0.079,2227.0,3709.00320102,11-09-2026,22:58,25125
64.09117676,45916,40.07900000000001,4.606e-05,0.05930049,6.48549692,83000,4.045e-05,-0.95428497,5.27468853,0.30100000000000005,1762.0,4190.2078492,11-09-2026,22:58,31123
49.76041715,12968,20.651999999999987,3.645e-05,0.04619042,5.31873088,83500,2.973e-05,-0.96792785,3.95109433,0.011,610.0,4675.97037132,11-09-2026,22:58,39790
38.8516799,43100,128.65899999999996,2.888e-05,0.03614554,4.35932817,84000,2.075e-05,-0.97898439,2.77446576,0.08399999999999999,500.0,5165.25135343,11-09-2026,22:58,49360
23.47449602,138793,215.01099999999997,1.82e-05,0.02234313,2.92180139,85000,5.9e-06,-0.99543871,0.73204502,0.212,2456.0,6149.08303407,11-09-2026,22:58,73209
12.2246309,103755,177.255,1.025e-05,0.01175708,1.68601249,86000,0.0,-1.0,0.0,0.077,50.0,7146.1,11-09-2026,22:58,110089
5.12598835,54494,191.90200000000002,5.05e-06,0.0052871,0.8349887,87000,0.0,-1.0,0.0,0.026000000000000002,25.0,8146.1,11-09-2026,22:58,158625
2.1233701,45878,230.447,2.34e-06,0.00226456,0.38991005,88000,0.0,-1.0,0.0,0.001,330.0,9146.1,11-09-2026,22:58,212530
1.03331217,76517,109.2,1.28e-06,0.00120962,0.22025505,89000,0.0,-1.0,0.0,0.536,568.0,10146.1,11-09-2026,22:58,270756
1.03492526,231904,250.07099999999977,1.11e-06,0.00112321,0.20580079,90000,,,,,,,11-09-2026,22:58,336414
9758.43193212,253,0.842,4.18e-06,0.99376876,0.9610844,69000,,,,,,,11-09-2026,23:17,388299
8760.49123127,15,0.203,7.49e-06,0.98806701,1.69905079,70000,1.31e-06,-0.00120833,0.21883454,210.74900000000002,344764.0,0.98731098,11-09-2026,23:17,282441
7754.54701743,20,0.001,9.87e-06,0.98530962,2.03266397,71000,3.26e-06,-0.00324505,0.53663584,308.472,70591.0,2.83510748,11-09-2026,23:17,210793
6766.37651494,0,0.101,1.389e-05,0.98026371,2.61618593,72000,7.5e-06,-0.00808931,1.20979444,500.7429999999996,188182.0,7.95995055,11-09-2026,23:17,146223
5775.18798721,5,0.255,2.034e-05,0.97229183,3.48050261,73000,1.45e-05,-0.01626777,2.21868128,834.539999999999,151351.0,16.02483971,11-09-2026,23:17,100325
4784.90285306,21,0.08600000000000002,3.024e-05,0.9609304,4.62023741,74000,2.427e-05,-0.02660049,3.3639781,155.82600000000002,60247.0,25.24167446,11-09-2026,23:17,69474
3797.8200874,138,0.182,4.483e-05,0.94819994,5.7973862,75000,4.027e-05,-0.04204201,4.90363037,264.36499999999984,53606.0,37.83981911,11-09-2026,23:17,44746
3310.51161926,2,0.026000000000000002,5.914e-05,0.93157632,7.20968104,75500,5.507e-05,-0.0580853,6.34602228,33.701000000000015,25533.0,51.45837832,11-09-2026,23:17,34990
2834.42651657,1000,0.927,7.752e-05,0.9098199,8.88890646,76000,7.524e-05,-0.08257872,8.32243446,174.89500000000004,30838.0,76.09902549,11-09-2026,23:17,26531
2377.32563305,128,0.009000000000000001,0.00010509,0.86655556,11.77044525,76500,0.0001039,-0.12326812,11.13969734,23.885999999999992,7992.0,117.70899461,11-09-2026,23:17,19843
1946.54842661,2718,1.7880000000000003,0.00013438,0.81379423,14.64843447,77000,0.00013572,-0.17928795,14.30510679,60.72600000000001,26285.0,186.17525756,11-09-2026,23:17,13448
1783.76743922,100,0.001,0.00014719,0.785416,15.9509284,77200,0.0001495,-0.20862874,15.68868603,9.911999999999999,7142.0,223.36777179,11-09-2026,23:17,11536
1628.46851962,5,0.006,0.00015966,0.75603059,17.14163735,77400,0.00016213,-0.2400695,16.99092428,8.629999999999999,3748.0,267.44006151,11-09-2026,23:17,9587
1552.70819157,500,0.07,0.00016556,0.73739693,17.81603524,77500,0.00016699,-0.25242282,17.45925086,10.407999999999996,4496.0,292.27532841,11-09-2026,23:17,8621
1480.25932397,39,0.6030000000000001,0.00017094,0.7205226,18.37832236,77600,0.00017363,-0.27229338,18.14684222,26.917,1339.0,318.53410405,11-09-2026,23:17,7751
1338.64876057,75,0.43300000000000005,0.00018092,0.68527613,19.40489037,77800,0.00018425,-0.30859358,19.2424384,6.732999999999999,1468.0,377.37597782,11-09-2026,23:17,6109
1205.49401397,4429,8.609999999999996,0.00018943,0.65178364,20.20688115,78000,0.00019232,-0.34384035,20.11434784,27.365999999999985,14956.0,445.07460691,11-09-2026,23:17,4490
1082.68427309,1370,8.164,0.00019464,0.61213773,20.93770778,78200,0.00019973,-0.38864869,20.94569901,7.362999999999994,2514.0,522.19430263,11-09-2026,23:17,3172
968.79649677,387,14.354000000000001,0.00019866,0.57071037,21.45948071,78400,0.00020383,-0.42971686,21.46119563,34.09000000000001,2206.0,607.95261226,11-09-2026,23:17,2080
915.34622687,6224,13.637,0.00019983,0.54879048,21.63734085,78500,0.00020393,-0.44661328,21.60982612,11.461999999999989,6899.0,655.37861525,11-09-2026,23:17,1455
866.45634251,4945,11.226999999999999,0.00019969,0.53041241,21.73947645,78600,0.0002046,-0.47101662,21.74284226,7.398999999999997,2052.0,704.69291704,11-09-2026,23:17,1176
772.99030772,7313,20.01599999999999,0.00019884,0.49235987,21.80136463,78800,0.00020331,-0.51188152,21.79067524,19.168999999999993,8853.0,812.60596111,11-09-2026,23:17,805
683.43952413,16795,30.262000000000008,0.00019635,0.44938571,21.62478196,79000,0.00020115,-0.54699452,21.65565921,34.513999999999996,10889.0,921.79434942,11-09-2026,23:17,320
596.58711743,3771,35.388,0.00019355,0.41216794,21.27223801,79200,0.00019817,-0.59225361,21.21487508,12.23,2274.0,1033.13038471,11-09-2026,23:17,687
516.1229266,3936,15.396,0.00018874,0.37189051,20.66628759,79400,0.00019316,-0.63151335,20.60487919,14.45,3828.0,1153.6546836,11-09-2026,23:17,1020
480.5421979,5084,10.923999999999996,0.00018574,0.35524637,20.35138946,79500,0.0001902,-0.64535993,20.34302136,9.971999999999994,7044.0,1218.79001928,11-09-2026,23:17,1031
449.50709934,1824,13.553999999999995,0.00018126,0.33598544,19.93098559,79600,0.00018514,-0.66663634,19.87165687,19.033,310.0,1287.29928319,11-09-2026,23:17,788
396.74781168,3277,4.931,0.00017157,0.30537508,19.15377656,79800,0.00017501,-0.69979782,19.00783434,0.993,26.0,1434.81678676,11-09-2026,23:17,1614
351.66100996,10280,47.054,0.00016106,0.27564225,18.25673375,80000,0.00016335,-0.73149009,18.01835903,25.267999999999994,8486.0,1587.77010413,11-09-2026,23:17,2590
309.61160423,395,1.341,0.00015049,0.24812469,17.2977226,80200,0.00015274,-0.75851962,17.04682117,0.48000000000000004,171.0,1747.43047134,11-09-2026,23:17,2830
270.79846047,13940,31.362000000000002,0.00014006,0.22184438,16.2595861,80400,0.00014166,-0.78547701,15.94804904,0.14700000000000002,35.0,1908.57913471,11-09-2026,23:17,4049
252.82725463,6121,8.247,0.00013521,0.21063879,15.780268,80500,0.00013559,-0.79932789,15.32934106,1.2650000000000001,1060.0,1990.76487781,11-09-2026,23:17,5178
235.81446694,2443,3.7369999999999983,0.00012917,0.19669617,15.14569608,80600,0.00013101,-0.80888961,14.88510479,0.1,100.0,2073.51371759,11-09-2026,23:17,5952
179.43285387,13510,38.80900000000002,0.00011023,0.15837321,13.21130342,81000,0.00010995,-0.8508249,12.69818992,2.916,2222.0,2416.41657544,11-09-2026,23:17,9410
131.55137887,6744,17.133999999999997,8.703e-05,0.11810117,10.81019598,81500,8.579e-05,-0.89134001,10.18833178,0.20800000000000002,185.0,2868.53987454,11-09-2026,23:17,14179
100.25088489,16362,40.455000000000005,6.948e-05,0.09199382,9.02210708,82000,6.501e-05,-0.92202427,7.96794941,0.11800000000000001,1082.0,3337.75025879,11-09-2026,23:17,19624
77.76770764,11738,18.0,5.434e-05,0.07044089,7.37258468,82500,5.041e-05,-0.94085659,6.43739545,0.079,2227.0,3814.80444767,11-09-2026,23:17,25709
61.25594031,46326,40.248999999999995,4.375e-05,0.0563706,6.19938163,83000,3.743e-05,-0.95808169,4.89137939,0.30100000000000005,1762.0,4298.08857177,11-09-2026,23:17,31931
48.17485484,13500,21.151999999999987,3.442e-05,0.04370587,5.05928981,83500,3.075e-05,-0.96454337,4.26847161,0.011,610.0,4786.12300642,11-09-2026,23:17,40842
38.66145993,43100,127.67899999999999,2.758e-05,0.03484805,4.20740303,84000,2.359e-05,-0.97331725,3.37339017,0.08399999999999999,500.0,5276.60608019,11-09-2026,23:17,50706
23.91663804,142001,217.26099999999997,1.772e-05,0.02204017,2.87309452,85000,5.83e-06,-0.99539547,0.73427581,0.212,2456.0,6259.23426444,11-09-2026,23:17,75149
10.47376848,98755,188.255,9.02e-06,0.01005319,1.46336457,86000,0.0,-1.0,0.0,0.077,50.0,7257.4,11-09-2026,23:17,112937
4.22408121,54494,192.548,4.29e-06,0.0043536,0.69843423,87000,0.0,-1.0,0.0,0.026000000000000002,25.0,8257.4,11-09-2026,23:17,161871
2.11581583,48430,235.447,2.29e-06,0.00224017,0.38402232,88000,0.0,-1.0,0.0,0.001,330.0,9257.4,11-09-2026,23:17,216192
1.11506998,76517,109.2,1.26e-06,0.0011971,0.21697201,89000,0.0,-1.0,0.0,0.49,568.0,10257.6,11-09-2026,23:17,275091
0.58353935,255815,278.0069999999998,6.8e-07,0.00063778,0.12160899,90000,,,,,,,11-09-2026,23:17,341420
9774.04367174,253,0.842,6.01e-06,0.98967527,1.4964162,69000,,,,,,,11-09-2026,23:23,388084
8776.20996839,15,0.203,7.47e-06,0.98808643,1.69482217,70000,1.3e-06,-0.00120312,0.21779797,211.365,344764.0,1.04706172,11-09-2026,23:23,282183
7778.50140644,20,0.001,9.6e-06,0.98577125,1.97602935,71000,3.24e-06,-0.00323299,0.53436521,308.472,70591.0,2.98876445,11-09-2026,23:23,210490
6783.22969998,0,0.101,1.346e-05,0.98100797,2.53016776,72000,7.18e-06,-0.00766073,1.15209627,504.8479999999996,188182.0,7.51262615,11-09-2026,23:23,145875
5790.44468478,5,0.255,1.956e-05,0.97371184,3.32834012,73000,1.317e-05,-0.01426299,1.98009603,834.439999999999,151351.0,14.08869598,11-09-2026,23:23,99942
4799.81023664,21,0.08600000000000002,2.878e-05,0.96382358,4.3350889,74000,2.265e-05,-0.02413837,3.09872886,157.24200000000005,60247.0,23.13799156,11-09-2026,23:23,69076
3812.62978787,138,0.182,4.457e-05,0.94780134,5.82774261,75000,3.857e-05,-0.03946611,4.65422593,264.37399999999985,53606.0,35.61609679,11-09-2026,23:23,44318
3326.01988662,2,0.026000000000000002,5.794e-05,0.93285778,7.09947016,75500,5.297e-05,-0.05498679,6.07291359,33.789000000000016,25533.0,49.3480889,11-09-2026,23:23,34553
2851.34941191,1000,0.927,7.722e-05,0.90824814,8.9946769,76000,7.384e-05,-0.08041158,8.14908762,177.85800000000006,30838.0,74.23646365,11-09-2026,23:23,26077
2391.83818902,128,0.009000000000000001,0.00010258,0.87141031,11.46410496,76500,0.00010119,-0.11841732,10.82101105,23.636999999999993,8292.0,115.0694208,11-09-2026,23:23,19375
1959.23759148,2718,1.7880000000000003,0.00013291,0.81749967,14.45201638,77000,0.00013373,-0.17415211,14.03189185,61.06800000000001,26405.0,182.17195363,11-09-2026,23:23,12972
1797.12349345,100,0.001,0.0001454,0.79040348,15.71874855,77200,0.00014706,-0.20196526,15.376756,9.907,7142.0,219.3734094,11-09-2026,23:23,11071
1640.88517511,5,0.006,0.00015752,0.76058954,16.95184976,77400,0.00016,-0.2327195,16.6892092,8.629999999999999,3748.0,263.10720255,11-09-2026,23:23,9125
1563.75296495,500,0.451,0.00016345,0.74478029,17.54120438,77500,0.00016613,-0.24939142,17.32889205,10.440999999999995,4496.0,287.61631867,11-09-2026,23:23,8161
1490.81982682,39,0.6030000000000001,0.00016899,0.72810519,18.11713974,77600,0.00017205,-0.26636211,17.93135197,26.917,1339.0,313.54124853,11-09-2026,23:23,7293
1348.63073604,75,0.43300000000000005,0.00017928,0.6932029,19.17585319,77800,0.00018297,-0.30206659,19.04390514,6.732999999999999,1468.0,371.275377,11-09-2026,23:23,5652
1214.35032749,4429,8.609999999999996,0.00018818,0.65634804,20.08822151,78000,0.00019229,-0.34011918,20.0095069,27.365999999999985,14956.0,436.89137214,11-09-2026,23:23,4033
1089.12309434,1370,8.164,0.00019496,0.61753125,20.83094014,78200,0.00019946,-0.37967804,20.78521069,7.362999999999994,2534.0,511.42507146,11-09-2026,23:23,2731
974.67695526,387,14.354000000000001,0.00019934,0.57756917,21.37019343,78400,0.0002042,-0.42067464,21.35115447,34.09000000000001,2206.0,597.11715077,11-09-2026,23:23,1642
921.31707646,6224,13.637,0.0002007,0.55749836,21.55700583,78500,0.00020562,-0.44148779,21.54849591,11.440999999999988,6899.0,643.30596948,11-09-2026,23:23,1020
870.07334868,10849,12.226999999999999,0.00020115,0.53708147,21.68910219,78600,0.00020607,-0.46214668,21.68549053,7.428999999999997,2052.0,692.55437736,11-09-2026,23:23,752
775.06920339,7313,20.81799999999999,0.00020037,0.49676928,21.78249957,78800,0.00020525,-0.50338812,21.78286509,18.990999999999993,8853.0,796.95148369,11-09-2026,23:23,1018
685.15442525,16795,30.262000000000008,0.00019827,0.45714149,21.65737341,79000,0.00020298,-0.5441464,21.64966242,34.513999999999996,10889.0,907.91139807,11-09-2026,23:23,666
599.92831084,3771,35.388,0.000195,0.418108,21.32287988,79200,0.00019975,-0.58415041,21.29725094,12.23,2274.0,1022.18492852,11-09-2026,23:23,1169
522.10596778,3236,15.396,0.00019013,0.37978825,20.78690548,79400,0.00019459,-0.62357761,20.72956281,14.45,3828.0,1144.52636439,11-09-2026,23:23,1624
487.24748613,5084,10.924999999999995,0.00018682,0.36130782,20.45342532,79500,0.00019098,-0.64245551,20.37921257,9.971999999999994,7044.0,1209.6997736,11-09-2026,23:23,1657
456.19094903,1874,13.553999999999995,0.0001827,0.3436999,20.08960128,79600,0.00018668,-0.66050806,19.99571248,19.033,310.0,1278.1304442,11-09-2026,23:23,1475
402.34131065,3277,4.931,0.00017308,0.31074227,19.28364474,79800,0.00017648,-0.69414424,19.15005376,0.993,26.0,1424.54998115,11-09-2026,23:23,2410
355.86724288,10285,47.056,0.00016258,0.28074903,18.40444354,80000,0.00016556,-0.72506544,18.21754665,25.267999999999994,8481.0,1577.7663042,11-09-2026,23:23,3494
313.34467195,395,1.347,0.00015214,0.25244349,17.44097489,80200,0.00015451,-0.75406198,17.20054104,0.48000000000000004,171.0,1735.69185037,11-09-2026,23:23,3852
274.85185281,13940,31.362000000000002,0.00014167,0.22632369,16.43057095,80400,0.00014336,-0.78072952,16.13679697,0.14700000000000002,35.0,1896.71068043,11-09-2026,23:23,5177
256.8925053,6121,7.996999999999999,0.00013644,0.21389969,15.90682861,80500,0.00013789,-0.79378373,15.56870338,1.2650000000000001,1060.0,1978.70008039,11-09-2026,23:23,6364
239.85257247,2536,3.7369999999999983,0.00013125,0.20199423,15.37784603,80600,0.00013235,-0.80587719,15.01318535,0.1,100.0,2061.85035626,11-09-2026,23:23,7194
183.27602025,14105,41.30900000000002,0.00011102,0.16036081,13.30495982,81000,0.00011081,-0.84884855,12.79603,2.916,2222.0,2405.42332712,11-09-2026,23:23,10870
134.22376501,6744,18.660999999999994,8.845e-05,0.12099421,10.98642003,81500,8.665e-05,-0.88951754,10.2994623,0.20800000000000002,185.0,2856.26331789,11-09-2026,23:23,15955
101.78945641,16362,40.772000000000006,7.01e-05,0.09312646,9.09416339,82000,6.681e-05,-0.91880756,8.20885182,0.11800000000000001,1082.0,3323.45146171,11-09-2026,23:23,21699
79.07664411,11768,17.85,5.559e-05,0.07245445,7.52801737,82500,5.116e-05,-0.93999186,6.50513808,0.079,2227.0,3800.8094358,11-09-2026,23:23,28086
62.73250093,46326,40.65699999999999,4.431e-05,0.05720715,6.26551888,83000,3.87e-05,-0.95618939,5.06517698,0.30100000000000005,1762.0,4283.0002652,11-09-2026,23:23,34612
49.32542,13500,21.183999999999983,3.537e-05,0.04525764,5.1994205,83500,2.867e-05,-0.96883473,3.83440053,0.011,610.0,4769.85941482,11-09-2026,23:23,43831
39.73306783,43100,127.67899999999999,2.833e-05,0.03603165,4.32091771,84000,2.084e-05,-0.97826114,2.83708381,0.08399999999999999,500.0,5260.66325168,11-09-2026,23:23,53996
23.35336066,142792,217.97899999999998,1.746e-05,0.02140538,2.80027176,85000,5.3e-06,-0.99596072,0.65255704,0.212,2456.0,6243.96989525,11-09-2026,23:23,79042
10.01537805,98755,188.271,9.08e-06,0.01008514,1.4660911,86000,0.0,-1.0,0.0,0.077,50.0,7241.1,11-09-2026,23:23,117505
4.0022319,54494,192.54400000000004,4.32e-06,0.00436619,0.69960479,87000,0.0,-1.0,0.0,0.026000000000000002,25.0,8241.1,11-09-2026,23:23,167111
2.00280085,48430,235.447,2.31e-06,0.00224662,0.38469,88000,0.0,-1.0,0.0,0.001,330.0,9241.1,11-09-2026,23:23,222107
1.05067542,76517,109.2,1.26e-06,0.00120088,0.21742628,89000,0.0,-1.0,0.0,0.49,568.0,10240.8,11-09-2026,23:23,281684
0.54892961,255815,278.0319999999998,6.9e-07,0.00063964,0.1218404,90000,,,,,,,11-09-2026,23:23,348690
9500.50194141,252,0.843,6.34e-06,0.98938987,1.50757684,69000,,,,,,,11-09-2026,00:25,394087
8499.85056542,16,0.10400000000000001,6.85e-06,0.98999973,1.43202688,70000,1.38e-06,-0.00124287,0.22073888,212.49100000000007,356204.0,0.99929108,11-09-2026,00:25,289080
7503.50397165,20,0.001,9.13e-06,0.98750388,1.73841941,71000,2.65e-06,-0.00238557,0.39973963,324.83399999999995,63139.0,1.90917746,11-09-2026,00:25,219433
6505.57925895,0,0.101,1.319e-05,0.98279708,2.28869384,72000,6.76e-06,-0.00664287,0.99983215,532.4659999999996,158202.0,5.86880708,11-09-2026,00:25,156127
5517.47200764,5,0.255,2.027e-05,0.97440465,3.20315807,73000,1.627e-05,-0.01801991,2.38062655,833.845999999999,152751.0,17.60771067,11-09-2026,00:25,108545
4530.38013699,21,0.016,3.378e-05,0.95671843,4.93617852,74000,2.807e-05,-0.03106186,3.76333819,161.08400000000006,58779.0,30.24925707,11-09-2026,00:25,76066
3546.73109286,138,0.182,5.182e-05,0.9392275,6.46585828,75000,4.775e-05,-0.0510489,5.634617,276.6919999999998,59775.0,47.12665533,11-09-2026,00:25,49565
3069.07187838,2,0.026000000000000002,6.901e-05,0.91698751,8.21464299,75500,6.613e-05,-0.07329985,7.47356631,34.20900000000001,25553.0,67.94697585,11-09-2026,00:25,39161
2602.75047795,1000,0.927,9.132e-05,0.88556799,10.39378165,76000,9.099e-05,-0.10689231,9.8947915,178.21600000000012,31628.0,101.54170753,11-09-2026,00:25,30095
2146.79385634,128,0.009000000000000001,0.00011922,0.84684984,12.70330523,76500,0.00011938,-0.14720455,12.37167493,30.70899999999999,10559.0,146.33037279,11-09-2026,00:25,22772
1717.00458494,2718,1.7880000000000003,0.0001544,0.7828556,15.7863833,77000,0.00015403,-0.20502279,15.26976665,61.835000000000015,26269.0,214.66917568,11-09-2026,00:25,15918
1555.5628911,180,0.181,0.00016632,0.75888262,16.74846269,77200,0.00016876,-0.23608619,16.55567913,11.736999999999998,9012.0,254.23327082,11-09-2026,00:25,13709
1403.84801917,0,0.011,0.00017882,0.72340321,17.98158065,77400,0.0001825,-0.27079615,17.79393428,8.57,3748.0,302.68496363,11-09-2026,00:25,11581
1329.50325448,500,0.46,0.00018684,0.70635539,18.50010347,77500,0.0001908,-0.29400452,18.50569884,10.395999999999997,4496.0,328.7556931,11-09-2026,00:25,10541
1259.39606901,39,0.6230000000000001,0.00019241,0.68535162,19.07667075,77600,0.00019493,-0.30776483,18.89821199,24.917,1403.0,358.1409859,11-09-2026,00:25,9584
1123.75285862,75,0.42600000000000005,0.00020151,0.64735232,19.95668543,77800,0.00020551,-0.34772988,19.85684,7.032999999999998,1588.0,422.5914731,11-09-2026,00:25,7815
999.01310309,4430,8.736999999999995,0.00020979,0.60175416,20.72955589,78000,0.00021512,-0.39611543,20.69928693,27.50199999999999,12020.0,496.52541503,11-09-2026,00:25,6066
884.73801295,1370,8.624999999999998,0.00021399,0.55897361,21.19589984,78200,0.00021865,-0.43632579,21.16112955,7.734999999999994,3134.0,582.93620752,11-09-2026,00:25,4550
781.57761705,150,14.127999999999998,0.00021513,0.51579888,21.41367299,78400,0.00022003,-0.47927128,21.40731999,33.72400000000002,2246.0,679.54145617,11-09-2026,00:25,3217
733.8102298,4274,16.185000000000002,0.00021513,0.50000279,21.43760119,78500,0.00022002,-0.50605898,21.4279358,17.65399999999999,6905.0,731.4625474,11-09-2026,00:25,2465
689.29774152,5375,31.803,0.00021305,0.48001303,21.4120567,78600,0.00021828,-0.52191273,21.40526426,16.419999999999995,10659.0,786.7481453,11-09-2026,00:25,1773
606.610439,6076,22.04799999999999,0.00020857,0.43151881,21.11389167,78800,0.00021425,-0.56710195,21.13080711,19.058999999999994,8872.0,903.81364979,11-09-2026,00:25,626
531.77368085,17517,31.173999999999992,0.00020188,0.39130136,20.62955116,79000,0.0002065,-0.61133557,20.59026836,31.663999999999987,10577.0,1029.04895865,11-09-2026,00:25,-188
463.78040915,3771,36.89099999999999,0.00019457,0.35916146,20.08775385,79200,0.00019894,-0.64509297,20.00365521,12.276,2274.0,1161.34802069,11-09-2026,00:25,-163
402.66226741,3960,17.46,0.00018552,0.32287163,19.28891413,79400,0.00018789,-0.68738689,19.02039663,14.864999999999998,3823.0,1299.99589619,11-09-2026,00:25,51
374.78413555,5446,11.877999999999995,0.00018042,0.30562546,18.84046373,79500,0.00018267,-0.70527689,18.52656975,8.771999999999997,7003.0,1371.9149694,11-09-2026,00:25,-58
348.77135574,1921,12.925999999999991,0.00017479,0.28725497,18.31072168,79600,0.00017818,-0.71683451,18.18744084,19.828000000000003,219.0,1446.37296499,11-09-2026,00:25,-461
302.9007968,477,5.136,0.00016355,0.25762558,17.34782827,79800,0.00016623,-0.74879255,17.12005791,0.993,26.0,1600.32580735,11-09-2026,00:25,325
263.42181038,10994,49.584999999999994,0.00015193,0.22931967,16.29044396,80000,0.00015318,-0.77856955,15.96894774,25.747999999999998,8511.0,1760.99986786,11-09-2026,00:25,1095
230.62227054,489,1.4040000000000001,0.00013983,0.2046372,15.25205315,80200,0.00014112,-0.80351461,14.88422132,0.48000000000000004,171.0,1927.9216063,11-09-2026,00:25,1036
202.53569398,16940,34.967,0.00012822,0.18245317,14.22061867,80400,0.00012882,-0.82632366,13.78545533,0.14700000000000002,35.0,2099.20180036,11-09-2026,00:25,2178
189.33346849,6121,8.126999999999997,0.00012287,0.17224614,13.71359982,80500,0.00012281,-0.8371165,13.22792203,1.2650000000000001,1060.0,2186.18028782,11-09-2026,00:25,3265
176.8638509,4486,6.579999999999998,0.00011636,0.15904599,13.02129559,80600,0.00011538,-0.85087204,12.47619867,0.1,100.0,2273.98457209,11-09-2026,00:25,3972
135.3749827,14218,44.68300000000002,9.545e-05,0.12436899,11.01896316,81000,9.364e-05,-0.88642535,10.33457393,2.924,2184.0,2632.09717818,11-09-2026,00:25,7505
98.40763659,7801,21.039999999999996,7.558e-05,0.09505571,9.08645038,81500,7.06e-05,-0.91963886,8.01315971,0.20800000000000002,185.0,3094.93916545,11-09-2026,00:25,12289
76.09472106,23933,47.149,5.816e-05,0.07143529,7.32595662,82000,5.44e-05,-0.93965569,6.43000188,0.11800000000000001,1082.0,3568.40521036,11-09-2026,00:25,17873
64.32612649,15369,30.205000000000005,4.781e-05,0.06019719,6.41791607,82500,4.253e-05,-0.95251371,5.31837121,0.079,2227.0,4060.65569586,11-09-2026,00:25,24485
55.58075143,45727,46.32499999999999,3.923e-05,0.05059102,5.59434238,83000,3.509e-05,-0.95902235,4.72232272,0.30100000000000005,1762.0,4552.21900895,11-09-2026,00:25,31375
44.64515292,53290,56.19399999999999,3.125e-05,0.04001488,4.63142656,83500,2.554e-05,-0.97169511,3.48324333,0.011,610.0,5040.95378273,11-09-2026,00:25,40897
28.99174336,22827,156.32199999999997,2.285e-05,0.02735595,3.38580737,84000,1.259e-05,-0.9888588,1.57329853,0.08399999999999999,500.0,5524.96313451,11-09-2026,00:25,53593
11.47911651,123591,277.45599999999996,1.146e-05,0.01216989,1.69899605,85000,0.0,-1.0,0.0,0.212,2456.0,6516.2,11-09-2026,00:25,81245
4.33828432,71027,235.254,5.7e-06,0.00562107,0.86229457,86000,0.0,-1.0,0.0,0.077,50.0,7516.2,11-09-2026,00:25,120254
2.08880028,48724,200.25800000000004,2.62e-06,0.00239444,0.40107646,87000,0.0,-1.0,0.0,0.027000000000000003,25.0,8516.2,11-09-2026,00:25,167822
1.09598778,48430,244.332,1.42e-06,0.00127238,0.22560569,88000,0.0,-1.0,0.0,0.001,330.0,9516.2,11-09-2026,00:25,220261
0.57711957,76809,129.35399999999998,7.6e-07,0.0006731,0.12564266,89000,0.0,-1.0,0.0,0.49,568.0,10516.2,11-09-2026,00:25,277279
0.574525,255185,283.0909999999998,6.6e-07,0.00062616,0.11753032,90000,,,,,,,11-09-2026,00:25,341749
9238.69838119,252,0.843,6.5e-06,0.98942023,1.48022108,69000,,,,,,,11-09-2026,01:28,384930
8239.46813458,16,0.10400000000000001,8.39e-06,0.98720917,1.74538064,70000,1.45e-06,-0.00127517,0.22243457,213.4670000000001,356551.0,1.04750001,11-09-2026,01:28,281840
7235.84720637,20,0.001,1.065e-05,0.98519825,1.97961639,71000,3.67e-06,-0.00344572,0.54795984,321.98099999999994,63139.0,3.01357652,11-09-2026,01:28,214149
6246.91741988,0,0.101,1.52e-05,0.98000678,2.5593634,72000,8.55e-06,-0.00864307,1.2405266,544.1879999999996,145332.0,7.98234131,11-09-2026,01:28,152793
5262.30898549,5,0.255,2.507e-05,0.96642218,3.94867269,73000,1.988e-05,-0.02282881,2.86309443,843.3539999999991,155076.0,23.34842204,11-09-2026,01:28,105859
4272.37602062,21,0.016,3.852e-05,0.95056868,5.40381653,74000,3.371e-05,-0.03838188,4.40593483,171.38400000000004,56699.0,38.70816613,11-09-2026,01:28,74190
3303.16215676,138,0.182,6.199e-05,0.92319105,7.62176083,75000,5.811e-05,-0.06547459,6.74226728,281.8359999999999,57426.0,63.35280651,11-09-2026,01:28,48342
2829.00150506,2,0.026000000000000002,8.075e-05,0.89886323,9.35622043,75500,7.816e-05,-0.09071644,8.63723463,34.95500000000001,26052.0,88.53338209,11-09-2026,01:28,38083
2368.66493767,1000,0.937,0.00010544,0.86307849,11.5918346,76000,0.00010453,-0.12756565,11.03978623,180.24200000000013,32228.0,128.04200195,11-09-2026,01:28,29215
1925.68841003,128,0.008,0.00013584,0.81335017,14.19170274,76500,0.00013668,-0.17844818,13.79925522,31.200999999999986,10669.0,185.57577585,11-09-2026,01:28,22063
1512.97816919,2718,1.7880000000000003,0.00016904,0.74394676,17.01528998,77000,0.0001719,-0.24998896,16.80215235,63.70300000000002,25432.0,278.83546717,11-09-2026,01:28,15453
1367.66202758,180,0.181,0.00018122,0.70991506,18.10192892,77200,0.00018389,-0.28431525,17.93202732,12.108999999999998,9159.0,329.67033761,11-09-2026,01:28,13144
1228.3242911,0,0.011,0.00019209,0.67309803,19.07597185,77400,0.00019609,-0.32298192,18.98163885,9.878,3748.0,389.58014813,11-09-2026,01:28,11041
1160.2456083,390,0.837,0.00019688,0.6540723,19.5009813,77500,0.00020135,-0.34256564,19.42952418,12.477999999999998,2496.0,420.03646756,11-09-2026,01:28,10020
1094.36591393,40,0.6240000000000001,0.0002016,0.63452154,19.88355295,77600,0.00020615,-0.3624607,19.82813136,24.917,1403.0,453.73375152,11-09-2026,01:28,9115
967.49944049,7,0.4900000000000001,0.00020953,0.59388581,20.50751347,77800,0.00021473,-0.40416763,20.48275607,8.097999999999997,2553.0,526.85796832,11-09-2026,01:28,7392
847.41559949,4430,8.873999999999995,0.00021478,0.55122501,20.91992443,78000,0.00021984,-0.44744082,20.91112345,31.271999999999995,11226.0,610.31902146,11-09-2026,01:28,5646
746.01608238,1416,8.902,0.00021655,0.50805437,21.0899087,78200,0.00022195,-0.4917099,21.08983057,7.758999999999994,3163.0,705.95515491,11-09-2026,01:28,4037
653.88457157,640,15.361999999999998,0.0002146,0.4650463,21.01309116,78400,0.00021991,-0.53576886,21.00954202,33.80500000000001,2246.0,813.06864626,11-09-2026,01:28,2712
611.38371403,4234,16.397000000000002,0.00021268,0.44385453,20.88466223,78500,0.000218,-0.55780944,20.87219832,22.588999999999988,5916.0,870.60731071,11-09-2026,01:28,1997
570.81483986,4964,32.92100000000001,0.00021028,0.42302168,20.70019024,78600,0.00021527,-0.57911574,20.6777673,17.128999999999998,10659.0,930.21596968,11-09-2026,01:28,1267
495.69619377,7086,22.56799999999999,0.00020383,0.38233369,20.16974521,78800,0.00020826,-0.62017586,20.13003087,19.284999999999993,8890.0,1055.0178833,11-09-2026,01:28,-75
429.11041465,17599,31.496000000000002,0.00019538,0.34358288,19.45114161,79000,0.00019963,-0.66007979,19.3726152,34.50699999999999,8997.0,1188.45624851,11-09-2026,01:28,-977
370.89856067,3521,48.357,0.00018522,0.30729202,18.58250429,79200,0.00018919,-0.69821387,18.43340911,13.339999999999998,1774.0,1329.78345322,11-09-2026,01:28,-1074
320.07550697,3899,17.799,0.00017413,0.27365176,17.6004416,79400,0.00017706,-0.73270382,17.39467205,14.864999999999998,3823.0,1479.17490288,11-09-2026,01:28,-856
297.38346588,5954,13.358999999999995,0.00016782,0.25792063,17.07959253,79500,0.00017067,-0.74873391,16.84756655,8.957999999999998,6829.0,1557.26624436,11-09-2026,01:28,-1058
276.23030471,1956,14.000999999999992,0.00016184,0.24300507,16.54912808,79600,0.00016425,-0.76434731,16.27363798,20.453000000000003,219.0,1635.57606827,11-09-2026,01:28,-1578
238.67721254,497,8.283999999999999,0.0001498,0.21591422,15.48896351,79800,0.00015091,-0.79244568,15.13390956,0.993,26.0,1798.17914404,11-09-2026,01:28,-783
206.84898216,11615,53.975,0.00013688,0.19056119,14.37434691,80000,0.00013786,-0.81795853,13.97299743,25.980999999999995,8458.0,1965.44725422,11-09-2026,01:28,12
179.84087144,509,1.4740000000000002,0.00012494,0.16834254,13.29646253,80200,0.000125,-0.84086984,12.81935334,0.48300000000000004,171.0,2138.63942286,11-09-2026,01:28,-222
156.74181137,18940,37.017,0.00011393,0.14967153,12.31131301,80400,0.00011282,-0.86088512,11.71816371,0.14700000000000002,35.0,2315.42995636,11-09-2026,01:28,953
146.49555306,6120,8.067999999999998,0.0001081,0.14015992,11.7779489,80500,0.00010703,-0.86972908,11.20149767,1.2650000000000001,1060.0,2405.69636504,11-09-2026,01:28,2033
137.41925415,4435,6.950999999999998,0.00010296,0.13216423,11.31399876,80600,0.00010142,-0.87832912,10.68058082,0.1,100.0,2496.41114126,11-09-2026,01:28,2730
106.21654597,14753,46.91800000000002,8.418e-05,0.10463423,9.59043724,81000,8.169e-05,-0.90549156,8.90293418,2.9559999999999995,2182.0,2865.76907662,11-09-2026,01:28,6398
79.41229397,7601,24.137999999999998,6.514e-05,0.07857176,7.75429007,81500,6.057e-05,-0.93409173,6.77681327,0.14400000000000002,168.0,3343.44502992,11-09-2026,01:28,11316
61.53353195,36206,62.498,5.098e-05,0.06093431,6.37537579,82000,4.51e-05,-0.95247877,5.23608577,0.11900000000000001,1081.0,3820.44553117,11-09-2026,01:28,17095
50.77933835,23548,39.63800000000002,4.071e-05,0.0491091,5.37570188,82500,3.397e-05,-0.9647667,4.10803853,0.079,2227.0,4309.0625038,11-09-2026,01:28,24545
42.05874798,49764,57.38300000000001,3.298e-05,0.04039911,4.59338953,83000,2.533e-05,-0.97423019,3.16981851,0.30100000000000005,1762.0,4800.36518718,11-09-2026,01:28,32633
32.94930166,84094,94.558,2.599e-05,0.03146354,3.74252674,83500,1.644e-05,-0.9846493,2.04259092,0.011,610.0,5290.96245959,11-09-2026,01:28,43501
22.03573702,69122,214.76999999999992,1.903e-05,0.02185914,2.76020462,84000,5.12e-06,-0.99648436,0.55794983,0.11399999999999999,500.0,5779.68936681,11-09-2026,01:28,59195
8.94466723,72847,334.7559999999999,9.43e-06,0.0097423,1.37748621,85000,0.0,-1.0,0.0,0.242,2456.0,6777.2,11-09-2026,01:28,97500
3.24438679,66044,245.421,3.93e-06,0.00360091,0.57007951,86000,0.0,-1.0,0.0,0.077,50.0,7777.2,11-09-2026,01:28,141873
1.0499829,41855,212.57800000000003,1.61e-06,0.00135668,0.23540188,87000,0.0,-1.0,0.0,0.027000000000000003,25.0,8783.1,11-09-2026,01:28,194437
1.05002185,48430,243.832,1.36e-06,0.0012456,0.21771602,88000,0.0,-1.0,0.0,0.001,330.0,9783.1,11-09-2026,01:28,251189
0.54990709,76816,139.634,7.4e-07,0.00066145,0.12169396,89000,0.0,-1.0,0.0,0.517,541.0,10777.2,11-09-2026,01:28,312517
0.54978985,254370,300.4739999999997,6.4e-07,0.00061636,0.11401479,90000,,,,,,,11-09-2026,01:28,381319
9280.30481541,252,0.843,6.17e-06,0.99010021,1.3962404,69000,,,,,,,11-09-2026,01:33,384518
8281.3920669,16,0.10400000000000001,8.04e-06,0.98788036,1.66491438,70000,1.44e-06,-0.00126799,0.2211874,213.4690000000001,356553.0,1.04911898,11-09-2026,01:33,281460
7282.46336966,20,0.001,1.038e-05,0.98558584,1.93405984,71000,3.63e-06,-0.00342486,0.54473099,321.98099999999994,63139.0,2.99533919,11-09-2026,01:33,213801
6288.35572049,0,0.101,1.516e-05,0.97982332,2.57810989,72000,8.45e-06,-0.00859286,1.2335344,543.4879999999996,145032.0,7.99151001,11-09-2026,01:33,152478
5303.44256334,5,0.255,2.398e-05,0.96836043,3.75800185,73000,1.919e-05,-0.02193736,2.76719318,843.378999999999,155051.0,22.35391111,11-09-2026,01:33,105546
4317.99478787,21,0.016,3.722e-05,0.95269885,5.21425913,74000,3.247e-05,-0.03664916,4.24078356,171.53400000000005,56699.0,36.53908685,11-09-2026,01:33,73892
3341.74968793,138,0.182,5.995e-05,0.9265821,7.3604902,75000,5.614e-05,-0.06275549,6.52047928,281.3360000000001,57426.0,60.34017294,11-09-2026,01:33,48056
2866.10246694,2,0.026000000000000002,7.843e-05,0.90296947,9.07230019,75500,7.559e-05,-0.0865519,8.335955,34.95800000000001,26055.0,84.11352094,11-09-2026,01:33,37814
2403.28066241,1000,0.937,0.00010251,0.86863032,11.26168582,76000,0.00010138,-0.1219518,10.69302513,180.79500000000013,32228.0,121.63787739,11-09-2026,01:33,28958
1959.70392574,128,0.008,0.00013267,0.82014012,13.8611884,76500,0.00013366,-0.17182655,13.46519194,31.185999999999986,10669.0,177.44162824,11-09-2026,01:33,21830
1549.11242886,2718,1.7830000000000004,0.00016583,0.75203114,16.72174746,77000,0.00016862,-0.24112544,16.4718428,65.70300000000002,25432.0,266.66568285,11-09-2026,01:33,15229
1398.4060786,180,0.181,0.00017829,0.71879421,17.82764178,77200,0.00018184,-0.27551147,17.65097942,11.593999999999998,9159.0,316.28764263,11-09-2026,01:33,12960
1256.46262688,0,0.011,0.00018951,0.68283512,18.829444,77400,0.00019346,-0.31320748,18.72859397,9.878,3748.0,373.66341494,11-09-2026,01:33,10870
1187.46380256,390,0.837,0.00019501,0.66305397,19.29689539,77500,0.00019915,-0.33225642,19.19172195,12.477999999999998,2496.0,404.74338328,11-09-2026,01:33,9855
1119.93974181,40,0.6240000000000001,0.00019982,0.6443113,19.68888343,77600,0.0002043,-0.35202572,19.61685789,24.917,1403.0,437.71070549,11-09-2026,01:33,8954
990.08485271,7,0.4900000000000001,0.00020868,0.60356226,20.36895735,77800,0.00021359,-0.3931094,20.32301178,8.097999999999997,2553.0,508.28659913,11-09-2026,01:33,7234
872.49314977,4430,8.873999999999995,0.00021426,0.56238205,20.82612562,78000,0.00021984,-0.43664436,20.81740526,31.291999999999998,11226.0,589.29359584,11-09-2026,01:33,5493
768.16712901,1450,8.982,0.00021616,0.51893671,21.06049651,78200,0.00022149,-0.48104682,21.06003961,7.802999999999994,3165.0,685.22599555,11-09-2026,01:33,3919
676.14328497,2640,17.362,0.00021435,0.47612823,21.04663808,78400,0.00021975,-0.52574938,21.03941868,33.80500000000001,2246.0,792.60818361,11-09-2026,01:33,2607
632.71445088,4234,16.397000000000002,0.00021267,0.45483569,20.94919499,78500,0.00021781,-0.54636427,20.94184601,22.593999999999987,5916.0,849.85803263,11-09-2026,01:33,2052
591.0482669,4964,33.021,0.00021047,0.43407329,20.79584181,78600,0.00021521,-0.56779342,20.77928678,17.128999999999998,10659.0,908.40365887,11-09-2026,01:33,1365
514.54907159,6286,23.36799999999999,0.00020476,0.39317642,20.32393465,78800,0.00020936,-0.60975639,20.28107814,21.034999999999993,8890.0,1031.46585363,11-09-2026,01:33,96
444.20561135,17639,31.536,0.00019706,0.35366494,19.64926283,79000,0.00020147,-0.6502792,19.5698022,34.50699999999999,8997.0,1161.74062102,11-09-2026,01:33,-787
383.31421655,3521,48.407,0.00018761,0.31689363,18.82269206,79200,0.00019098,-0.68776997,18.70337635,14.099999999999998,1774.0,1300.71115529,11-09-2026,01:33,-806
331.49921859,3889,17.808999999999997,0.00017656,0.28233101,17.86216015,79400,0.00017985,-0.72334543,17.68688637,14.864999999999998,3823.0,1448.1985092,11-09-2026,01:33,-554
308.15675721,5954,13.358999999999995,0.00017059,0.26639972,17.35724657,79500,0.00017362,-0.74009501,17.13959798,9.122999999999998,6829.0,1525.57279609,11-09-2026,01:33,-727
286.04096678,1956,14.002999999999993,0.00016462,0.25076283,16.82155859,79600,0.00016732,-0.75610959,16.573732,20.453000000000003,219.0,1602.74349741,11-09-2026,01:33,-1206
247.50633364,497,8.283999999999999,0.00015227,0.22267264,15.75725488,79800,0.00015411,-0.7844953,15.46365301,0.993,26.0,1765.07622295,11-09-2026,01:33,-383
214.9337844,11615,53.525000000000006,0.00013989,0.19720583,14.67119495,80000,0.00014088,-0.81061786,14.31288491,25.980999999999995,8458.0,1931.63180118,11-09-2026,01:33,437
186.82871128,509,1.4740000000000002,0.00012787,0.17464867,13.60627468,80200,0.00012823,-0.83391147,13.17534334,0.48300000000000004,171.0,2103.50725249,11-09-2026,01:33,267
163.00838913,18940,37.017,0.00011639,0.15487508,12.58701734,80400,0.00011599,-0.85445973,12.07612908,0.14700000000000002,35.0,2279.84844306,11-09-2026,01:33,1468
152.18025131,6120,8.052999999999997,0.00011092,0.1456031,12.0796343,80500,0.00010998,-0.8646117,11.49743322,1.2650000000000001,1060.0,2369.12146256,11-09-2026,01:33,2572
142.97753814,4435,6.950999999999998,0.00010557,0.13719483,11.60202251,80600,0.00010425,-0.8737732,10.95374778,0.1,100.0,2459.92519004,11-09-2026,01:33,3289
111.66541953,14753,46.92100000000002,8.658e-05,0.10897983,9.87141591,81000,8.411e-05,-0.9017723,9.15458453,2.9559999999999995,2182.0,2828.81187988,11-09-2026,01:33,7010
83.17800135,7601,24.122999999999998,6.72e-05,0.08189866,7.9975509,81500,6.272e-05,-0.93098467,7.01911638,0.14400000000000002,168.0,3298.96615925,11-09-2026,01:33,12008
64.89436489,36206,62.498,5.271e-05,0.06376587,6.60200284,82000,4.723e-05,-0.94929521,5.51191125,0.11900000000000001,1081.0,3781.46272296,11-09-2026,01:33,17854
53.98422831,23548,39.38800000000002,4.23e-05,0.05182597,5.60868086,82500,3.614e-05,-0.96146654,4.41797031,0.079,2227.0,4270.53653561,11-09-2026,01:33,25383
45.16123513,49764,57.38300000000001,3.434e-05,0.04270125,4.80206022,83000,2.736e-05,-0.97124628,3.47150226,0.30100000000000005,1762.0,4761.63354158,11-09-2026,01:33,33551
35.2148222,85594,96.05799999999999,2.715e-05,0.03339201,3.92885927,83500,1.891e-05,-0.98129751,2.41704801,0.011,610.0,5251.04766576,11-09-2026,01:33,44504
22.8553626,68622,215.26999999999992,1.968e-05,0.02273906,2.85226415,84000,9.03e-06,-0.99264126,1.07631119,0.129,500.0,5738.22039611,11-09-2026,01:33,60363
8.98821626,72847,334.7559999999999,9.53e-06,0.00979651,1.38353022,85000,0.0,-1.0,0.0,0.242,2456.0,6735.2,11-09-2026,01:33,98901
3.94928992,66044,245.421,4.76e-06,0.00458632,0.70757017,86000,0.0,-1.0,0.0,0.077,50.0,7734.6,11-09-2026,01:33,143511
1.41298681,41855,212.57800000000003,2.12e-06,0.00189555,0.31913917,87000,0.0,-1.0,0.0,0.027000000000000003,25.0,8734.6,11-09-2026,01:33,196307
1.04914339,48430,243.832,1.37e-06,0.00125043,0.21837832,88000,0.0,-1.0,0.0,0.001,330.0,9734.6,11-09-2026,01:33,253287
0.54904526,76815,139.637,7.4e-07,0.00066394,0.12206147,89000,0.0,-1.0,0.0,0.517,541.0,10735.2,11-09-2026,01:33,314842
0.54867646,254370,300.4739999999997,6.4e-07,0.00061843,0.11431575,90000,,,,,,,11-09-2026,01:33,383873
9214.18946976,252,0.843,6.5e-06,0.98945906,1.46608149,69000,,,,,,,11-09-2026,01:57,384671
8214.93815616,16,0.10400000000000001,7.98e-06,0.9881475,1.62346456,70000,1.46e-06,-0.00127716,0.22133218,223.57200000000006,357656.0,0.99769307,11-09-2026,01:57,281525
7216.41352337,20,0.001,1.041e-05,0.98572363,1.90673967,71000,3.69e-06,-0.00345183,0.54532866,312.31399999999996,63139.0,2.86689651,11-09-2026,01:57,213891
6221.79317557,0,0.101,1.565e-05,0.97915249,2.63480988,72000,8.6e-06,-0.00866905,1.23575645,542.9039999999995,145032.0,7.62594724,11-09-2026,01:57,152592
5238.28961187,5,0.255,2.488e-05,0.96701842,3.86600619,73000,1.975e-05,-0.02251142,2.81149727,846.742999999999,155051.0,22.84887676,11-09-2026,01:57,105689
4250.03064098,21,0.016,3.789e-05,0.95254062,5.19724322,74000,3.284e-05,-0.03634852,4.18735692,171.49400000000006,56699.0,35.5036708,11-09-2026,01:57,74051
3278.15335017,138,0.182,6.225e-05,0.92341661,7.55600654,75000,5.822e-05,-0.06501348,6.66247755,280.6359999999999,57426.0,62.34889898,11-09-2026,01:57,48244
2803.69656021,2,0.026000000000000002,8.107e-05,0.89939645,9.26080177,75500,7.854e-05,-0.09042003,8.56116304,34.96200000000001,26059.0,88.19548533,11-09-2026,01:57,38002
2343.09248201,1000,0.937,0.00010618,0.86360359,11.48742567,76000,0.00010519,-0.12721267,10.94820823,181.57300000000015,32228.0,127.40602634,11-09-2026,01:57,29147
1902.98988693,128,0.008,0.00013702,0.81287454,14.12322433,76500,0.0001379,-0.1790418,13.73963953,31.38599999999999,10469.0,186.21776447,11-09-2026,01:57,22006
1496.99883372,2718,1.7830000000000004,0.00017044,0.74292947,16.94192724,77000,0.00017328,-0.25156457,16.75048918,66.10600000000001,25432.0,280.38293922,11-09-2026,01:57,15401
1349.02354984,187,0.181,0.00018259,0.70815095,18.03743061,77200,0.00018627,-0.28705378,17.89743808,11.453999999999997,9319.0,332.30085699,11-09-2026,01:57,13084
1207.8372902,0,0.011,0.00019362,0.67077745,19.0081701,77400,0.00019774,-0.32497154,18.9081949,9.878,3748.0,391.88600653,11-09-2026,01:57,10979
1141.57228809,390,0.837,0.00019831,0.65144855,19.43017245,77500,0.00020291,-0.34475777,19.35183106,12.576999999999998,2496.0,424.76378249,11-09-2026,01:57,9959
1074.85102096,40,0.6240000000000001,0.00020308,0.63205144,19.80062598,77600,0.00020766,-0.36533685,19.75367307,24.917,1403.0,458.62981415,11-09-2026,01:57,9053
949.97790651,7,0.4900000000000001,0.00021075,0.59092137,20.4126715,77800,0.00021591,-0.40726449,20.3905352,8.282999999999998,2553.0,533.47278519,11-09-2026,01:57,7334
834.41451633,4430,8.873999999999995,0.00021611,0.5486134,20.8039929,78000,0.00022113,-0.45057783,20.79855273,31.59300000000001,11226.0,617.34853328,11-09-2026,01:57,5590
730.41822584,1980,9.554,0.0002177,0.50489159,20.95792957,78200,0.00022295,-0.49507939,20.957998,8.302999999999994,3665.0,713.40056593,11-09-2026,01:57,3972
638.19830982,2640,17.379999999999995,0.00021599,0.46177452,20.86340476,78400,0.00022117,-0.53959813,20.85594628,34.00500000000001,2046.0,821.55209995,11-09-2026,01:57,2673
596.01386439,3734,16.936,0.00021369,0.4400029,20.72135711,78500,0.000219,-0.56114691,20.71301063,23.103999999999992,5416.0,878.76516864,11-09-2026,01:57,2129
557.62760668,4994,33.021,0.00021104,0.41968965,20.53354884,78600,0.00021578,-0.58300223,20.5035442,17.128999999999998,10659.0,940.89448636,11-09-2026,01:57,1423
486.34826372,6311,23.392999999999994,0.00020338,0.37960996,19.99792233,78800,0.00020807,-0.62364293,19.94471396,21.184999999999995,8890.0,1069.25984412,11-09-2026,01:57,107
423.41397423,17599,31.49,0.00019415,0.34168824,19.28695248,79000,0.0001983,-0.66247082,19.19649956,34.50699999999999,8997.0,1206.17026961,11-09-2026,01:57,-825
363.91189088,3521,48.407,0.00018442,0.30494419,18.4015462,79200,0.00018784,-0.70030949,18.25804763,14.099999999999998,1774.0,1346.86879657,11-09-2026,01:57,-921
311.7226416,3889,17.808999999999997,0.0001733,0.27058345,17.39012166,79400,0.00017627,-0.73505647,17.20667251,14.864999999999998,3823.0,1494.21719895,11-09-2026,01:57,-683
288.78463828,6004,13.438999999999993,0.00016729,0.25462182,16.85691251,79500,0.00016994,-0.75153185,16.64083033,9.122999999999998,6829.0,1572.16158203,11-09-2026,01:57,-881
267.79885765,1956,14.202999999999992,0.00016131,0.2396925,16.32125284,79600,0.00016341,-0.76728184,16.05769631,20.453000000000003,219.0,1650.78972755,11-09-2026,01:57,-1401
231.73544257,497,8.283999999999999,0.00014856,0.21228407,15.23773714,79800,0.00015003,-0.79455036,14.94691601,0.993,26.0,1814.5966516,11-09-2026,01:57,-581
201.23307365,11615,52.976,0.00013597,0.18792448,14.16029803,80000,0.00013694,-0.82035074,13.76910447,25.980999999999995,8458.0,1983.91432754,11-09-2026,01:57,241
174.86279453,509,1.4740000000000002,0.00012403,0.16620399,13.10297724,80200,0.00012413,-0.8426504,12.64394216,0.48300000000000004,171.0,2157.71216326,11-09-2026,01:57,12
152.01678199,20940,39.02,0.00011267,0.1470445,12.0877085,80400,0.00011173,-0.86393089,11.4685557,0.14700000000000002,35.0,2333.9684892,11-09-2026,01:57,1214
142.02056215,6140,8.062999999999999,0.00010723,0.13830686,11.59711858,80500,0.00010611,-0.8717012,11.01293432,1.2650000000000001,1060.0,2423.91386379,11-09-2026,01:57,2349
132.80643778,4535,7.054999999999998,0.00010212,0.13033262,11.13389008,80600,0.00010059,-0.88002617,10.50819329,0.1,100.0,2514.66368742,11-09-2026,01:57,3075
103.01461487,14890,48.02800000000002,8.326e-05,0.10250919,9.38831793,81000,8.044e-05,-0.90841813,8.64275037,2.9559999999999995,2182.0,2885.23934889,11-09-2026,01:57,6882
77.14119519,7751,24.573,6.45e-05,0.07740458,7.61786965,81500,6.027e-05,-0.93420296,6.72476198,0.099,168.0,3359.66655318,11-09-2026,01:57,11974
61.0820465,38491,64.81,5.073e-05,0.0607796,6.32206646,82000,4.471e-05,-0.95291625,5.16418787,0.11900000000000001,1081.0,3842.31114588,11-09-2026,01:57,17941
51.9466903,23548,39.48800000000002,4.106e-05,0.05031808,5.44597414,82500,3.441e-05,-0.96374072,4.17889864,0.079,2227.0,4332.86194981,11-09-2026,01:57,25703
43.67563491,49764,62.18300000000002,3.328e-05,0.04131572,4.6478406,83000,2.681e-05,-0.97159498,3.41613594,0.30100000000000005,1762.0,4825.96744162,11-09-2026,01:57,34092
31.99493733,85556,96.42,2.554e-05,0.03070172,3.64393858,83500,1.716e-05,-0.98357808,2.15039809,0.011,610.0,5313.19193613,11-09-2026,01:57,45266
20.27241461,69511,215.81699999999992,1.833e-05,0.02068736,2.61771717,84000,5.81e-06,-0.9958459,0.64383804,0.129,500.0,5801.56654027,11-09-2026,01:57,61332
8.07258128,72797,334.202,8.78e-06,0.00885725,1.25924395,85000,0.0,-1.0,0.0,0.242,2456.0,6801.0,11-09-2026,01:57,100415
3.15003339,66044,245.82099999999997,3.92e-06,0.00359539,0.56565465,86000,0.0,-1.0,0.0,0.077,50.0,7801.0,11-09-2026,01:57,145562
1.10837941,41855,212.57800000000003,1.61e-06,0.00135479,0.23359644,87000,0.0,-1.0,0.0,0.027000000000000003,25.0,8801.0,11-09-2026,01:57,198911
1.09862579,48430,243.832,1.36e-06,0.00124416,0.2160977,88000,0.0,-1.0,0.0,0.001,330.0,9800.1,11-09-2026,01:57,256449
0.57652951,76815,139.637,7.3e-07,0.00066079,0.1208079,89000,0.0,-1.0,0.0,0.517,541.0,10800.1,11-09-2026,01:57,318562
0.57415213,254370,300.4739999999997,6.4e-07,0.00061577,0.1131882,90000,,,,,,,11-09-2026,01:57,388149
9209.79980026,252,0.843,6.5e-06,0.98945226,1.44607539,69000,,,,,,,11-09-2026,03:04,378640
8210.42069243,16,0.10400000000000001,7.94e-06,0.98825258,1.58806963,70000,1.46e-06,-0.00127798,0.21832086,222.80600000000004,357773.0,1.0480941,11-09-2026,03:04,276786
7212.43555322,20,0.001,1.043e-05,0.98571387,1.88078762,71000,2.84e-06,-0.0024696,0.39751646,312.31399999999996,63139.0,1.99668136,11-09-2026,03:04,210455
6216.37838539,0,0.101,1.467e-05,0.9811733,2.38211663,72000,7.29e-06,-0.00690103,0.99665302,547.9049999999995,140232.0,5.99178227,11-09-2026,03:04,150466
5229.73333869,5,0.255,2.382e-05,0.96947437,3.57511351,73000,1.807e-05,-0.0195381,2.45844189,852.898999999999,150677.0,19.25923325,11-09-2026,03:04,104414
4245.13495067,21,0.016,3.751e-05,0.95357499,5.0338376,74000,3.235e-05,-0.03528596,4.02874915,171.19400000000007,56749.0,34.05343513,11-09-2026,03:04,73227
3267.40692307,138,0.182,6.07e-05,0.92844592,7.07228606,75000,5.65e-05,-0.06053116,6.21240139,281.7829999999999,57508.0,56.11694158,11-09-2026,03:04,47820
2789.21169147,2,0.026000000000000002,7.989e-05,0.90527562,8.73502182,75500,7.693e-05,-0.08436515,8.01406019,36.22500000000001,25322.0,78.42804142,11-09-2026,03:04,37813
2325.98239637,1000,0.9480000000000001,0.00010575,0.87047173,10.92892685,76000,0.00010446,-0.11985606,10.35180375,181.85100000000017,31432.0,114.09130356,11-09-2026,03:04,29152
1880.88671997,128,0.008,0.00013841,0.82070997,13.55644516,76500,0.00013914,-0.17106354,13.15852482,34.18399999999999,8807.0,169.50003702,11-09-2026,03:04,22185
1470.47342226,2718,1.7830000000000004,0.00017465,0.74920815,16.48584792,77000,0.00017759,-0.2444787,16.2628673,67.00300000000001,25410.0,259.21478554,11-09-2026,03:04,15665
1321.03699507,187,0.188,0.00018818,0.71408885,17.61010266,77200,0.00019167,-0.28066356,17.45460575,11.485999999999999,9291.0,309.50612482,11-09-2026,03:04,13411
1180.02212575,0,0.011,0.00019987,0.67572066,18.62394654,77400,0.00020432,-0.32006182,18.52278837,9.879999999999999,3750.0,368.67046512,11-09-2026,03:04,11343
1112.75651658,390,0.913,0.00020527,0.65560055,19.06964193,77500,0.00020978,-0.3407548,18.99333986,12.578999999999997,2496.0,400.60125608,11-09-2026,03:04,10339
1046.50310181,40,0.6240000000000001,0.00021019,0.63493795,19.46835541,77600,0.00021496,-0.36171473,19.40816785,25.326,1403.0,435.01610517,11-09-2026,03:04,9446
921.9758159,7,0.42200000000000004,0.00021842,0.59251431,20.10382143,77800,0.00022351,-0.4053494,20.0780432,8.311999999999998,2553.0,510.14968151,11-09-2026,03:04,7745
808.75455457,4430,9.512999999999993,0.000223,0.54811406,20.5115063,78000,0.00022839,-0.45097803,20.50564092,32.26700000000001,11358.0,597.09753751,11-09-2026,03:04,6023
708.82229252,1980,9.404,0.00022365,0.50338705,20.66134382,78200,0.00022906,-0.4967943,20.66136859,8.575999999999993,3715.0,697.01995752,11-09-2026,03:04,4426
620.94883514,2655,18.335999999999995,0.00022043,0.45914345,20.55350782,78400,0.00022573,-0.54197742,20.54742675,34.38700000000001,2047.0,809.44118767,11-09-2026,03:04,3144
580.66419057,3654,16.945999999999998,0.00021773,0.43770685,20.40944014,78500,0.00022305,-0.5641658,20.39412012,22.915999999999993,5337.0,869.17388743,11-09-2026,03:04,2608
542.54444784,4990,32.78,0.00021439,0.41656034,20.20836657,78600,0.00021953,-0.58565107,20.18379401,16.878999999999998,10659.0,930.49117542,11-09-2026,03:04,1912
471.30083585,6311,23.42299999999999,0.00020659,0.37570464,19.65081453,78800,0.0002112,-0.62746005,19.59828345,21.575999999999993,8535.0,1059.55249002,11-09-2026,03:04,615
408.00122222,17649,32.278999999999996,0.00019701,0.33709671,18.91452134,79000,0.0002012,-0.66714218,18.82090649,34.35699999999999,8987.0,1195.76149091,11-09-2026,03:04,-272
352.68532519,1819,51.391,0.00018601,0.30098127,18.03433684,79200,0.00018969,-0.70435858,17.88774439,14.170999999999996,1773.0,1340.70081465,11-09-2026,03:04,-373
305.40316031,3889,17.81,0.0001739,0.26774709,17.05274301,79400,0.00017682,-0.73825718,16.85741108,14.864999999999998,3823.0,1493.0897195,11-09-2026,03:04,-222
284.10532654,5874,13.942999999999994,0.00016755,0.25242677,16.54249777,79500,0.00017012,-0.75398136,16.31802397,9.622999999999998,6329.0,1571.76073585,11-09-2026,03:04,-434
264.46132993,1772,14.782999999999992,0.00016115,0.23762404,16.01321435,79600,0.00016339,-0.76895246,15.76672755,20.453000000000003,219.0,1652.25774477,11-09-2026,03:04,-900
230.85215492,1828,9.61,0.00014823,0.2115496,14.99126474,79800,0.00014976,-0.79642689,14.65446529,0.993,26.0,1817.92381085,11-09-2026,03:04,-126
202.23077487,11640,54.519000000000005,0.00013565,0.18794088,13.96045108,80000,0.00013639,-0.82046882,13.56788535,25.980999999999995,8458.0,1989.86805866,11-09-2026,03:04,712
178.17994172,474,1.568,0.00012372,0.1674785,12.98109284,80200,0.00012374,-0.84150022,12.52413474,0.48400000000000004,171.0,2165.82624001,11-09-2026,03:04,466
157.67462733,17940,44.023,0.00011254,0.14946166,12.04701781,80400,0.00011191,-0.85978745,11.53971805,0.14700000000000002,35.0,2345.55109637,11-09-2026,03:04,1653
148.67481911,6130,8.072999999999997,0.00010727,0.14135543,11.60349937,80500,0.00010627,-0.86841613,11.04837852,1.2650000000000001,1060.0,2436.49893482,11-09-2026,03:04,2715
140.217377,4365,7.384999999999997,0.00010217,0.13339065,11.1527299,80600,0.00010092,-0.87608719,10.59664869,0.1,100.0,2527.71144432,11-09-2026,03:04,3407
111.96073743,15049,48.29200000000003,8.41e-05,0.10736256,9.57014113,81000,8.158e-05,-0.90345846,8.85799192,2.9559999999999995,2182.0,2899.49506508,11-09-2026,03:04,7058
87.28802177,7753,26.409,6.627e-05,0.0835698,7.95735745,81500,6.26e-05,-0.92778159,7.12267181,0.10300000000000001,172.0,3374.75348878,11-09-2026,03:04,11975
69.45304157,38541,64.25699999999999,5.25e-05,0.06587616,6.63542485,82000,4.784e-05,-0.94604899,5.67431963,0.11900000000000001,1081.0,3856.88049613,11-09-2026,03:04,17762
55.23886466,23098,40.220000000000034,4.179e-05,0.05223926,5.53107215,82500,3.605e-05,-0.96052615,4.41539498,0.079,2227.0,4342.2996097,11-09-2026,03:04,25371
43.36443416,49863,65.48100000000002,3.294e-05,0.04061698,4.51890477,83000,2.63e-05,-0.97242228,3.28577886,0.30100000000000005,1762.0,4830.74429421,11-09-2026,03:04,33556
26.99922663,85536,96.44,2.364e-05,0.02707046,3.23530069,83500,1.299e-05,-0.98901467,1.4981625,0.011,610.0,5313.82368875,11-09-2026,03:04,44527
16.99908078,72237,218.17799999999988,1.666e-05,0.01792702,2.28480439,84000,0.0,-1.0,0.0,0.14400000000000002,500.0,5805.3,11-09-2026,03:04,60347
6.36967257,72772,340.17699999999996,7.41e-06,0.00703035,1.01311947,85000,0.0,-1.0,0.0,0.242,2456.0,6805.3,11-09-2026,03:04,99279
2.4980009,66544,250.382,3.48e-06,0.00308963,0.48658749,86000,0.0,-1.0,0.0,0.077,50.0,7805.3,11-09-2026,03:04,144277
1.04894088,27426,234.488,1.61e-06,0.00135421,0.23019721,87000,0.0,-1.0,0.0,0.027000000000000003,25.0,8805.3,11-09-2026,03:04,197537
0.54965072,58430,273.25700000000006,8.6e-07,0.0007138,0.12787737,88000,0.0,-1.0,0.0,0.001,330.0,9805.3,11-09-2026,03:04,253545
0.54980817,76815,139.637,7.3e-07,0.00066046,0.11903761,89000,0.0,-1.0,0.0,0.517,541.0,10805.3,11-09-2026,03:04,315128
0.54978767,259621,305.72499999999974,6.4e-07,0.00061552,0.11153964,90000,,,,,,,11-09-2026,03:04,384186
9035.84800949,252,0.843,6.52e-06,0.98971003,1.39748378,69000,,,,,,,11-09-2026,03:51,377204
8036.52406063,16,0.004,8.08e-06,0.98833423,1.55869727,70000,1.52e-06,-0.00130302,0.21944016,221.18200000000007,358161.0,1.03790721,11-09-2026,03:51,275349
7037.72323571,20,0.001,1.072e-05,0.98567689,1.86134148,71000,3.43e-06,-0.00303614,0.47297471,325.17999999999995,71034.0,2.67609919,11-09-2026,03:51,209059
6043.34948956,0,0.101,1.554e-05,0.98034459,2.43996424,72000,8.7e-06,-0.00844195,1.17524923,557.5179999999996,131081.0,7.50567828,11-09-2026,03:51,149894
5057.07945687,5,0.255,2.567e-05,0.96732716,3.7343267,73000,2.021e-05,-0.02201172,2.68543891,857.648999999999,154177.0,21.40552803,11-09-2026,03:51,103743
4072.17798528,21,0.016,4.01e-05,0.95142065,5.15458122,74000,3.499e-05,-0.03754302,4.18533741,171.69400000000007,56749.0,35.55935437,11-09-2026,03:51,72782
3098.2288796,138,0.182,6.635e-05,0.92242123,7.42815021,75000,6.267e-05,-0.06725261,6.6579514,281.9929999999998,57508.0,61.62238863,11-09-2026,03:51,47631
2623.86984528,2,0.026000000000000002,8.775e-05,0.89619872,9.22236625,75500,8.518e-05,-0.09348203,8.54195341,36.22500000000001,25122.0,86.76225852,11-09-2026,03:51,37724
2165.50303996,1000,0.9480000000000001,0.00011632,0.85613419,11.59495643,76000,0.00011566,-0.13478483,11.09178641,183.15600000000018,30737.0,128.97042465,11-09-2026,03:51,29166
1732.92999239,128,0.008,0.00015092,0.79851929,14.38147756,76500,0.00015237,-0.19409363,14.06056462,35.221999999999994,8821.0,195.96144998,11-09-2026,03:51,22233
1338.42468665,2718,2.084,0.00018687,0.71964691,17.22613584,77000,0.00019033,-0.27512529,17.06850641,67.54700000000001,25400.0,301.13061852,11-09-2026,03:51,15777
1194.05638824,187,0.188,0.00019947,0.68190718,18.24309028,77200,0.00020358,-0.31385305,18.13929725,11.584999999999997,9196.0,356.78922933,11-09-2026,03:51,13416
1059.43538385,0,0.011,0.00021029,0.64147087,19.1061143,77400,0.00021494,-0.35531175,19.04591596,9.989999999999998,3648.0,422.00262748,11-09-2026,03:51,11338
995.59625809,388,0.924,0.00021454,0.62020393,19.46965625,77500,0.00021955,-0.37702617,19.42564681,12.462,2496.0,458.84226468,11-09-2026,03:51,10334
935.73655179,40,0.6290000000000001,0.00021837,0.59862776,19.77594344,77600,0.00022342,-0.39921473,19.74821883,25.426000000000002,1303.0,497.99427762,11-09-2026,03:51,9438
821.25772575,37,0.45200000000000007,0.00022351,0.55430471,20.21364765,77800,0.00022863,-0.44464511,20.20609344,9.415999999999997,1451.0,583.84800947,11-09-2026,03:51,7762
718.5575574,4259,10.145999999999994,0.00022489,0.50928041,20.39714335,78000,0.0002304,-0.49071173,20.39751032,34.49300000000001,11287.0,680.89845075,11-09-2026,03:51,6095
625.88870549,1990,9.677999999999999,0.0002231,0.4645761,20.32225419,78200,0.00022834,-0.53647466,20.31740517,8.759999999999993,3727.0,788.38693051,11-09-2026,03:51,4359
544.57241652,2655,18.378,0.00021781,0.42113672,20.0027823,78400,0.00022294,-0.5810015,19.98094467,34.75000000000001,2044.0,907.27890774,11-09-2026,03:51,3030
507.29040795,3708,19.387999999999998,0.00021419,0.40008783,19.75964458,78500,0.00021913,-0.60256193,19.72473244,23.231999999999992,5381.0,970.07442411,11-09-2026,03:51,2456
472.65882947,5013,32.86600000000001,0.00020993,0.37962273,19.46672575,78600,0.00021465,-0.62352487,19.41686866,18.023999999999994,10235.0,1035.17465712,11-09-2026,03:51,1680
410.00694873,5348,24.490999999999993,0.00020018,0.34034811,18.7463214,78800,0.00020427,-0.66364272,18.66121924,21.645999999999994,8585.0,1172.50814091,11-09-2026,03:51,278
356.10777914,19782,34.832,0.00018845,0.30433272,17.89648015,79000,0.00019217,-0.70082309,17.75979748,34.52199999999999,8989.0,1318.57041418,11-09-2026,03:51,-809
309.82538991,1819,51.393,0.00017588,0.27132141,16.95118111,79200,0.00017884,-0.73451043,16.76708938,14.210999999999997,1773.0,1472.30371179,11-09-2026,03:51,-1015
269.82591306,3889,17.812,0.0001629,0.2414477,15.95094436,79400,0.00016516,-0.76514687,15.71060386,14.864999999999998,3823.0,1632.02008283,11-09-2026,03:51,-873
252.02757166,6114,14.237999999999994,0.00015642,0.22759894,15.43815589,79500,0.00015832,-0.77935697,15.1682601,9.622999999999998,6329.0,1714.2155242,11-09-2026,03:51,-1141
235.84952446,1396,15.182999999999993,0.00014991,0.21477989,14.93427575,79600,0.00015149,-0.79272679,14.62615068,20.453000000000003,219.0,1797.37144937,11-09-2026,03:51,-1697
206.42088173,1828,9.607,0.00013729,0.19086798,13.91718932,79800,0.00013812,-0.81705349,13.55682885,0.993,26.0,1968.3308277,11-09-2026,03:51,-921
181.125254,11740,54.974000000000004,0.00012524,0.16980068,12.93209816,80000,0.00012537,-0.83868964,12.50988616,25.990999999999993,8478.0,2143.29285425,11-09-2026,03:51,-69
160.94257199,474,1.568,0.00011394,0.15168239,12.01313507,80200,0.00011342,-0.85728422,11.53223773,0.48400000000000004,171.0,2322.5574489,11-09-2026,03:51,-450
143.6859265,24940,57.025000000000006,0.00010356,0.13608306,11.16493249,80400,0.00010244,-0.87328208,10.6285168,0.14700000000000002,35.0,2505.58318557,11-09-2026,03:51,755
136.15609938,6730,9.122999999999998,9.872e-05,0.12906564,10.76500383,80500,9.732e-05,-0.88047519,10.20201296,1.274,1060.0,2598.42762139,11-09-2026,03:51,1973
128.9777104,4363,7.386999999999997,9.41e-05,0.12247493,10.37857956,80600,9.237e-05,-0.88753066,9.77056073,0.1,100.0,2690.79404918,11-09-2026,03:51,2735
105.5471686,15047,47.63100000000003,7.78e-05,0.09998579,8.97438156,81000,7.517e-05,-0.9102785,8.28585175,2.9589999999999996,2182.0,3067.00527709,11-09-2026,03:51,6727
84.66073471,6855,27.429000000000002,6.181e-05,0.07920063,7.54557337,81500,5.812e-05,-0.93186464,6.72536288,0.10600000000000001,175.0,3546.3108504,11-09-2026,03:51,12031
69.12203225,38291,64.502,4.956e-05,0.06373287,6.38604392,82000,4.513e-05,-0.94767239,5.46910732,0.11900000000000001,1081.0,4030.71682544,11-09-2026,03:51,18193
55.8561316,22098,44.91000000000005,3.983e-05,0.05122145,5.37699481,82500,3.451e-05,-0.96091295,4.32513783,0.079,2227.0,4517.63677416,11-09-2026,03:51,26156
35.52764611,49918,68.04400000000003,2.907e-05,0.03456223,3.91115645,83000,2.113e-05,-0.97943384,2.53552744,0.30100000000000005,1762.0,4996.00949886,11-09-2026,03:51,34624
22.09158327,80812,101.16399999999999,2.055e-05,0.02271901,2.75803428,83500,8.21e-06,-0.99389569,0.88294849,0.011,610.0,5483.23625874,11-09-2026,03:51,45856
13.55185639,71867,219.2979999999999,1.418e-05,0.01469846,1.90325095,84000,0.0,-1.0,0.0,0.14400000000000002,500.0,5978.9,11-09-2026,03:51,61706
5.04336226,70134,342.86299999999994,6.4e-06,0.00595263,0.86348013,85000,0.0,-1.0,0.0,0.242,2456.0,6978.9,11-09-2026,03:51,100753
2.01817605,66744,256.759,2.9e-06,0.00252154,0.39999308,86000,0.0,-1.0,0.0,0.077,50.0,7978.9,11-09-2026,03:51,145582
1.05892949,27426,234.488,1.56e-06,0.00133348,0.22412379,87000,0.0,-1.0,0.0,0.027000000000000003,25.0,8978.9,11-09-2026,03:51,198743
0.55431224,58430,274.25700000000006,8.3e-07,0.00070394,0.12466404,88000,0.0,-1.0,0.0,0.001,330.0,9978.9,11-09-2026,03:51,254655
0.55395822,76815,138.63700000000003,7.2e-07,0.00065221,0.11618814,89000,0.0,-1.0,0.0,0.517,541.0,10978.9,11-09-2026,03:51,316137
0.55426845,259621,303.22499999999974,6.2e-07,0.00060852,0.10898276,90000,,,,,,,11-09-2026,03:51,385091
9045.71170794,252,0.843,6.46e-06,0.98982749,1.3813658,69000,,,,,,,11-09-2026,03:59,377161
8046.45641108,16,0.004,8.06e-06,0.98834637,1.55483134,70000,1.51e-06,-0.00130161,0.21887518,218.12600000000006,358211.0,1.05038781,11-09-2026,03:59,275271
7048.19001179,20,0.001,1.06e-05,0.98588298,1.8353686,71000,2.96e-06,-0.00252006,0.39915408,325.17999999999995,71034.0,2.00102074,11-09-2026,03:59,208951
6052.89119381,0,0.101,1.537e-05,0.98063409,2.40563553,72000,8.34e-06,-0.00798166,1.11699386,557.5179999999996,131081.0,7.00219723,11-09-2026,03:59,149760
5067.0446331,5,0.255,2.528e-05,0.96807578,3.65777127,73000,1.97e-05,-0.02121204,2.59864118,857.9029999999989,154431.0,20.6360411,11-09-2026,03:59,103587
4084.05299746,21,0.016,4.047e-05,0.95028495,5.242307,74000,3.562e-05,-0.03895469,4.30640088,171.69600000000008,56747.0,37.42275331,11-09-2026,03:59,72632
3109.90437279,138,0.182,6.624e-05,0.9220783,7.44129681,75000,6.255e-05,-0.0674607,6.66332743,281.9929999999998,57508.0,62.64040726,11-09-2026,03:59,47467
2634.50813798,2,0.026000000000000002,8.744e-05,0.89602849,9.21890704,75500,8.496e-05,-0.09390965,8.55726742,36.42500000000001,25122.0,87.57586224,11-09-2026,03:59,37551
2176.24953231,1000,0.9480000000000001,0.00011574,0.85656724,11.55306814,76000,0.00011507,-0.13442092,11.05369284,184.53400000000016,30737.0,128.99334483,11-09-2026,03:59,28989
1742.20893764,128,0.008,0.00015017,0.79965248,14.31026765,76500,0.0001516,-0.19278878,13.98073664,35.26599999999999,8821.0,194.5318214,11-09-2026,03:59,22055
1344.27320644,2718,2.084,0.00018638,0.72169237,17.13816078,77000,0.00018981,-0.27297405,16.9755928,67.61200000000002,25500.0,296.9304889,11-09-2026,03:59,15597
1199.14011656,187,0.188,0.00019948,0.68449476,18.15131733,77200,0.00020377,-0.31109235,18.0417307,11.584999999999997,9196.0,351.67252281,11-09-2026,03:59,13247
1063.00868468,0,0.011,0.00021087,0.64420387,19.02477846,77400,0.00021549,-0.35248179,18.96171516,9.989999999999998,3648.0,415.35619216,11-09-2026,03:59,11175
998.7722069,388,0.924,0.00021546,0.62302459,19.39424433,77500,0.00022047,-0.37416236,19.3485224,12.462,2496.0,451.1572579,11-09-2026,03:59,10174
936.70008224,40,0.6290000000000001,0.00021953,0.60144162,19.70872967,77600,0.00022471,-0.39635044,19.67912893,25.426000000000002,1303.0,489.24017706,11-09-2026,03:59,9280
820.83800821,37,0.45200000000000007,0.0002252,0.55689923,20.16324353,77800,0.00023066,-0.44196772,20.15467977,9.415999999999997,1451.0,573.39047933,11-09-2026,03:59,7606
715.6320142,6896,12.848999999999993,0.00022758,0.51153706,20.36236983,78000,0.0002331,-0.48842112,20.36220647,34.49300000000001,11287.0,668.0530964,11-09-2026,03:59,5942
621.02633072,2010,9.698,0.00022623,0.46622505,20.29749101,78200,0.00023181,-0.53485628,20.29308546,8.761999999999992,3729.0,773.30509709,11-09-2026,03:59,4461
538.23245934,2655,18.378,0.00022109,0.42204988,19.9807799,78400,0.00022644,-0.58016749,19.95799431,34.75000000000001,2044.0,890.35870513,11-09-2026,03:59,3192
500.52810027,3658,19.439,0.00021762,0.40050677,19.73385865,78500,0.00022277,-0.60212416,19.69939953,23.234999999999992,5381.0,952.6207264,11-09-2026,03:59,2647
466.37739393,5013,32.76800000000001,0.00021326,0.37976206,19.43818053,78600,0.00021803,-0.6234342,19.38767747,18.024999999999995,10235.0,1018.51706872,11-09-2026,03:59,1903
405.7280652,5348,24.490999999999993,0.00020244,0.34059442,18.72190532,78800,0.00020676,-0.66355876,18.63357655,21.645999999999994,8585.0,1157.9066709,11-09-2026,03:59,568
353.53905885,19782,34.817,0.00019011,0.30461036,17.87586061,79000,0.00019383,-0.70049872,17.74050528,34.52199999999999,8964.0,1305.49945909,11-09-2026,03:59,-456
307.23393633,1819,51.376999999999995,0.00017735,0.2713381,16.92503037,79200,0.00018028,-0.73450402,16.74082906,14.216999999999997,1773.0,1459.25143507,11-09-2026,03:59,-599
267.73156702,5108,17.812,0.00016398,0.24157154,15.93014365,79400,0.00016636,-0.76519413,15.68414094,14.864999999999998,3823.0,1619.68694588,11-09-2026,03:59,-402
249.90139479,6114,14.287999999999995,0.00015741,0.22763431,15.4151368,79500,0.00015937,-0.77954135,15.13699018,9.910999999999998,6304.0,1701.8093642,11-09-2026,03:59,-596
233.50754836,2572,16.382999999999992,0.00015087,0.21453019,14.90092049,79600,0.00015245,-0.7930053,14.59138115,20.453000000000003,219.0,1785.52248387,11-09-2026,03:59,-1102
204.56039974,1828,9.607,0.00013805,0.19067674,13.88662586,79800,0.00013889,-0.81749997,13.51472984,0.993,26.0,1956.5245433,11-09-2026,03:59,-199
179.71059764,11740,54.974000000000004,0.00012585,0.1694849,12.89627809,80000,0.00012598,-0.8389075,12.47933302,26.010999999999996,8473.0,2131.64639373,11-09-2026,03:59,753
158.42643541,474,1.568,0.00011441,0.15100272,11.95838739,80200,0.00011385,-0.8583191,11.45751115,0.48400000000000004,171.0,2310.27768952,11-09-2026,03:59,482
140.52602101,24940,57.025000000000006,0.00010384,0.13477002,11.07344421,80400,0.00010259,-0.87497461,10.51263576,0.14700000000000002,35.0,2492.38761122,11-09-2026,03:59,1786
132.5774128,7030,9.422999999999998,9.888e-05,0.12742526,10.65292727,80500,9.733e-05,-0.88252955,10.06181231,1.274,1060.0,2584.3857644,11-09-2026,03:59,3046
125.90484936,4363,7.386999999999997,9.419e-05,0.12078505,10.26148395,80600,9.239e-05,-0.88915928,9.65407189,0.1,100.0,2677.73133359,11-09-2026,03:59,3864
104.76926451,15047,47.63100000000003,7.802e-05,0.09988806,8.95396318,81000,7.514e-05,-0.91118786,8.2104394,2.9589999999999996,2182.0,3056.10484716,11-09-2026,03:59,8067
82.03579807,6855,27.429000000000002,6.155e-05,0.07781328,7.43337338,81500,5.771e-05,-0.93337203,6.59959955,0.10600000000000001,175.0,3533.70732511,11-09-2026,03:59,13638
64.99854803,38291,64.482,4.87e-05,0.06100878,6.1625247,82000,4.392e-05,-0.95064492,5.21201716,0.11900000000000001,1081.0,4016.35099384,11-09-2026,03:59,20063
53.30402311,22098,45.840000000000046,3.918e-05,0.04937577,5.21374215,82500,3.353e-05,-0.96301061,4.12828165,0.079,2227.0,4504.45591588,11-09-2026,03:59,28277
33.74392371,49918,67.98400000000002,2.844e-05,0.0331852,3.77654159,83000,2.035e-05,-0.98065727,2.40315907,0.30100000000000005,1762.0,4984.85460731,11-09-2026,03:59,37008
20.95927005,80812,101.16399999999999,1.991e-05,0.02157202,2.6358817,83500,6.8e-06,-0.99525915,0.70413635,0.011,610.0,5471.82421908,11-09-2026,03:59,48498
12.97073395,71667,219.37799999999987,1.393e-05,0.01429243,1.85498248,84000,0.0,-1.0,0.0,0.14400000000000002,500.0,5968.9,11-09-2026,03:59,64605
4.98872197,70134,342.86299999999994,6.41e-06,0.00595886,0.86291323,85000,0.0,-1.0,0.0,0.242,2456.0,6968.9,11-09-2026,03:59,104158
1.99562208,66744,256.559,2.91e-06,0.00252393,0.39970281,86000,0.0,-1.0,0.0,0.077,50.0,7968.9,11-09-2026,03:59,149499
1.0476418,27426,234.488,1.56e-06,0.00133461,0.22394323,87000,0.0,-1.0,0.0,0.027000000000000003,25.0,8968.9,11-09-2026,03:59,203170
0.54829524,58430,269.77900000000005,8.4e-07,0.00070451,0.12456097,88000,0.0,-1.0,0.0,0.001,330.0,9968.9,11-09-2026,03:59,259593
0.54840449,76815,138.63700000000003,7.2e-07,0.00065266,0.1160773,89000,0.0,-1.0,0.0,0.517,541.0,10968.9,11-09-2026,03:59,321585
0.54842989,259621,302.71799999999973,6.2e-07,0.0006089,0.10887303,90000,,,,,,,11-09-2026,03:59,391050
9017.10360562,252,0.843,6.55e-06,0.98969017,1.39303397,69000,,,,,,,11-09-2026,04:12,378706
8017.72829682,16,0.004,8.11e-06,0.98830865,1.55410018,70000,1.52e-06,-0.00130612,0.21885,218.15600000000006,358221.0,1.07650225,11-09-2026,04:12,276637
7019.69792914,20,0.001,1.077e-05,0.98564171,1.85623793,71000,2.98e-06,-0.0025297,0.39921534,325.17999999999995,71034.0,2.04578319,11-09-2026,04:12,210138
6022.81667014,0,0.101,1.546e-05,0.98062113,2.39909116,72000,8.41e-06,-0.00801576,1.11751984,557.5179999999996,131081.0,7.04460892,11-09-2026,04:12,150770
5038.91829137,5,0.255,2.569e-05,0.9675427,3.69598248,73000,2.011e-05,-0.02170001,2.64041181,857.9029999999989,154431.0,21.07492281,11-09-2026,04:12,104418
4055.78126647,21,0.016,4.118e-05,0.9493128,5.30642066,74000,3.655e-05,-0.04026921,4.40973232,171.69600000000008,56747.0,38.67049294,11-09-2026,04:12,73279
3083.52472768,138,0.182,6.774e-05,0.91953907,7.59920003,75000,6.419e-05,-0.0700257,6.8353875,282.2929999999999,57808.0,65.05891077,11-09-2026,04:12,47929
2610.04942976,2,0.026000000000000002,8.919e-05,0.89298201,9.38266527,75500,8.693e-05,-0.09724256,8.75095055,36.42800000000001,25122.0,91.07463486,11-09-2026,04:12,37923
2151.3763826,1000,0.9480000000000001,0.00011773,0.85244712,11.73670881,76000,0.00011724,-0.13872285,11.25743023,184.53400000000016,30737.0,134.13230617,11-09-2026,04:12,29278
1718.00456146,128,0.008,0.00015226,0.7948046,14.46859554,76500,0.00015381,-0.19794636,14.16020052,35.26599999999999,8821.0,200.65137647,11-09-2026,04:12,22252
1323.81242219,2718,2.084,0.00018832,0.71604215,17.24838504,77000,0.00019185,-0.27882227,17.0971878,67.65100000000002,25481.0,305.32622521,11-09-2026,04:12,15715
1179.22975449,187,0.188,0.00020086,0.67806775,18.24610523,77200,0.00020508,-0.31782235,18.14820195,11.584999999999997,9196.0,361.97485932,11-09-2026,04:12,13308
1045.0946823,0,0.011,0.00021169,0.63736934,19.08789954,77400,0.00021654,-0.35944447,19.03041005,9.989999999999998,3648.0,426.38646115,11-09-2026,04:12,11196
980.63357084,388,0.924,0.0002161,0.61607755,19.43835269,77500,0.00022102,-0.38131202,19.39855999,12.462,2496.0,462.67355413,11-09-2026,04:12,10177
920.44853005,40,0.6290000000000001,0.00021982,0.59433695,19.73372852,77600,0.00022506,-0.40350276,19.70700628,25.426000000000002,1303.0,501.97083175,11-09-2026,04:12,9264
803.78571305,37,0.4590000000000001,0.00022548,0.54989207,20.14501801,77800,0.00023103,-0.44909005,20.1383057,9.415999999999997,1451.0,586.53815475,11-09-2026,04:12,7559
699.03124721,6895,14.349999999999994,0.00022804,0.50499783,20.30268194,78000,0.00023333,-0.49560455,20.30277268,35.99300000000001,12787.0,682.07384901,11-09-2026,04:12,5863
605.92866713,2160,9.847999999999999,0.00022624,0.45926612,20.19797864,78200,0.00023179,-0.54196316,20.19140733,8.761999999999992,3729.0,788.2854666,11-09-2026,04:12,4252
525.35708167,2655,18.378,0.00022063,0.41523595,19.84378828,78400,0.00022613,-0.58730701,19.81575165,34.75000000000001,2044.0,906.43744628,11-09-2026,04:12,2987
488.38964258,5690,21.491,0.00021682,0.39378881,19.58004061,78500,0.00022195,-0.60898507,19.54139766,23.249999999999993,5396.0,971.2199519,11-09-2026,04:12,2437
454.68553477,5013,32.76800000000001,0.0002122,0.37327047,19.270646,78600,0.0002168,-0.6300578,19.21517323,18.049999999999997,10235.0,1037.82232963,11-09-2026,04:12,1797
396.35142261,5348,24.490999999999993,0.0002009,0.334638,18.53358608,78800,0.00020513,-0.66966869,18.43866461,21.64699999999999,8585.0,1178.26428414,11-09-2026,04:12,481
344.92957721,19782,36.842,0.00018872,0.29907452,17.671147,79000,0.00019217,-0.70649537,17.51922089,34.74699999999999,8964.0,1326.85012827,11-09-2026,04:12,-521
300.00978672,1819,51.376999999999995,0.00017551,0.26617884,16.70766622,79200,0.00017845,-0.74005934,16.50643305,14.216999999999997,1773.0,1481.36796316,11-09-2026,04:12,-656
260.89778867,5108,19.031,0.0001622,0.23650214,15.69496733,79400,0.00016449,-0.77050748,15.43485058,14.864999999999998,3823.0,1642.32084118,11-09-2026,04:12,-421
242.88587081,6114,14.332999999999995,0.00015565,0.22258913,15.17074442,79500,0.00015745,-0.78447498,14.89189574,9.955999999999998,6284.0,1725.12181544,11-09-2026,04:12,-604
226.74629326,2572,16.382999999999992,0.00014907,0.20971213,14.65612213,79600,0.0001505,-0.79774274,14.34468721,20.453000000000003,219.0,1807.67456145,11-09-2026,04:12,-1105
198.90990348,1828,9.607,0.00013622,0.18636861,13.6474326,79800,0.00013693,-0.82170526,13.27488624,0.993,26.0,1979.70202463,11-09-2026,04:12,-160
174.31157163,10740,55.474000000000004,0.00012406,0.16572048,12.66938418,80000,0.00012404,-0.84323597,12.21837097,26.051999999999992,8473.0,2157.06849678,11-09-2026,04:12,835
154.29183052,504,1.5980000000000003,0.00011269,0.14756353,11.7372609,80200,0.00011203,-0.8613894,11.25126719,0.48400000000000004,171.0,2335.88583002,11-09-2026,04:12,541
137.77465023,24940,57.025000000000006,0.00010226,0.13220347,10.89215567,80400,0.00010096,-0.8773277,10.33977454,0.14700000000000002,35.0,2518.45883684,11-09-2026,04:12,1870
130.06998353,7030,9.422999999999998,9.739e-05,0.12517594,10.48708616,80500,9.579e-05,-0.88460487,9.9028794,1.274,1060.0,2612.82477347,11-09-2026,04:12,3135
123.77590476,4333,7.416999999999996,9.284e-05,0.11913893,10.12938868,80600,9.123e-05,-0.8899862,9.57097875,0.1,100.0,2704.47104475,11-09-2026,04:12,3961
102.81801902,15047,47.63100000000003,7.676e-05,0.09782332,8.78924912,81000,7.39e-05,-0.9128971,8.06581534,2.9589999999999996,2182.0,3084.981295,11-09-2026,04:12,8209
80.54202383,6855,27.429000000000002,6.061e-05,0.07647435,7.31195874,81500,5.659e-05,-0.93504086,6.44995143,0.10600000000000001,175.0,3561.29417594,11-09-2026,04:12,13829
63.6304904,38261,64.512,4.799e-05,0.06007098,6.06835209,82000,4.309e-05,-0.9517644,5.10056764,0.11900000000000001,1081.0,4044.09233764,11-09-2026,04:12,20312
51.69214289,22098,45.840000000000046,3.844e-05,0.04818334,5.09612653,82500,3.283e-05,-0.96393635,4.03032527,0.079,2227.0,4532.96079872,11-09-2026,04:12,28576
32.52952582,49918,68.03900000000002,2.784e-05,0.03232526,3.68355798,83000,1.914e-05,-0.98221047,2.23052674,0.30100000000000005,1762.0,5013.29210907,11-09-2026,04:12,37354
19.99939448,80812,101.16399999999999,1.952e-05,0.02109031,2.5775559,83500,5.38e-06,-0.99647984,0.53766274,0.011,610.0,5501.88133083,11-09-2026,04:12,48891
12.12671239,71667,219.37799999999987,1.325e-05,0.0133806,1.74671855,84000,0.0,-1.0,0.0,0.14400000000000002,500.0,5997.7,11-09-2026,04:12,65045
4.5120781,68134,344.86299999999994,5.97e-06,0.00545184,0.79480389,85000,0.0,-1.0,0.0,0.242,2456.0,6999.4,11-09-2026,04:12,104706
1.94570224,66744,256.559,2.89e-06,0.00251639,0.39731637,86000,0.0,-1.0,0.0,0.077,50.0,7997.7,11-09-2026,04:12,149951
1.01844526,27426,234.488,1.55e-06,0.00133102,0.22266137,87000,0.0,-1.0,0.0,0.027000000000000003,25.0,8999.4,11-09-2026,04:12,203536
0.53439721,58430,268.69800000000004,8.3e-07,0.00070278,0.12387042,88000,0.0,-1.0,0.0,0.001,330.0,9999.4,11-09-2026,04:12,259874
0.53598175,76815,138.63700000000003,7.1e-07,0.00065124,0.11546517,89000,0.0,-1.0,0.0,0.517,541.0,10999.4,11-09-2026,04:12,321780
0.53702721,259621,302.71799999999973,6.2e-07,0.00060769,0.10831633,90000,,,,,,,11-09-2026,04:12,391158
9179.8483072,252,0.843,6.23e-06,0.99011648,1.3312031,69000,,,,,,,11-09-2026,04:59,376188
8181.02505847,16,0.004,7.73e-06,0.98874045,1.49127529,70000,1.47e-06,-0.00128203,0.21332327,221.66200000000006,362311.0,1.02890945,11-09-2026,04:59,273892
7182.60948197,20,0.001,1.021e-05,0.98622631,1.77561922,71000,2.86e-06,-0.00247818,0.38851281,325.67999999999995,71534.0,1.96696724,11-09-2026,04:59,207572
6186.52679324,0,0.101,1.437e-05,0.98189272,2.2451158,72000,7.35e-06,-0.00692813,0.97438519,563.8079999999995,124881.0,5.99144288,11-09-2026,04:59,148433
5199.55192063,5,0.255,2.36e-05,0.97024233,3.41035955,73000,1.823e-05,-0.01962383,2.40413945,868.202999999999,162731.0,18.85177264,11-09-2026,04:59,101706
4211.56169689,21,0.016,3.651e-05,0.956534,4.65109949,74000,3.104e-05,-0.03242893,3.66180949,174.37800000000004,55952.0,30.13980976,11-09-2026,04:59,71024
3234.51422539,138,0.182,6.04e-05,0.93088397,6.70927935,75000,5.626e-05,-0.05872379,5.91050022,282.43399999999986,57808.0,53.1376102,11-09-2026,04:59,46084
2756.35544343,2,0.026000000000000002,8.024e-05,0.90729712,8.37588237,75500,7.708e-05,-0.0822151,7.65785409,36.42800000000001,25122.0,75.07795433,11-09-2026,04:59,36328
2291.9197088,1000,0.9480000000000001,0.00010701,0.8721646,10.55100511,76000,0.00010563,-0.11835004,9.99590083,185.38900000000018,31592.0,109.9106353,11-09-2026,04:59,27903
1847.66928794,128,0.008,0.00014089,0.82153631,13.16971069,76500,0.0001416,-0.17104713,12.81926711,35.36599999999999,8921.0,165.86984922,11-09-2026,04:59,21178
1438.49695575,2703,2.099,0.00017851,0.74808977,16.09957927,77000,0.00018133,-0.24598103,15.89682619,67.85600000000002,25486.0,256.61226164,11-09-2026,04:59,14899
1288.55590001,200,0.28800000000000003,0.00019239,0.71207554,17.21435623,77200,0.00019589,-0.28305302,17.07518373,12.784999999999997,7996.0,307.48395595,11-09-2026,04:59,12736
1149.24568509,0,0.011,0.00020444,0.67265983,18.2144757,77400,0.00020871,-0.3234152,18.12462965,9.989999999999998,3648.0,367.35663505,11-09-2026,04:59,10781
1083.33056686,388,0.924,0.00020968,0.65196771,18.65163242,77500,0.00021418,-0.34455496,18.58252272,12.473999999999998,2496.0,401.5926514,11-09-2026,04:59,9817
1019.5047779,40,0.6290000000000001,0.00021409,0.63054683,19.04277348,77600,0.000219,-0.36631792,18.98965218,25.427999999999997,1303.0,437.79826177,11-09-2026,04:59,8957
900.47469056,105,0.5820000000000001,0.00022085,0.58679595,19.65212684,77800,0.00022571,-0.41141474,19.63236754,10.449999999999998,2461.0,518.72109465,11-09-2026,04:59,7327
791.03758427,6994,15.177999999999994,0.00022423,0.54181636,20.01974896,78000,0.00022952,-0.45735793,20.01530542,36.32500000000002,13087.0,608.99083273,11-09-2026,04:59,5683
690.28827575,2266,10.052,0.00022518,0.49684392,20.12995891,78200,0.00023042,-0.50343802,20.12976475,8.682999999999991,3733.0,708.42469534,11-09-2026,04:59,4316
599.4696864,2655,18.932,0.00022304,0.45210935,19.98526603,78400,0.00022791,-0.54896283,19.97911506,34.75000000000001,2045.0,817.53851037,11-09-2026,04:59,3204
558.03174333,5698,22.133000000000003,0.00022079,0.43030157,19.82290805,78500,0.00022572,-0.57168568,19.80461615,23.737999999999996,4894.0,875.69926362,11-09-2026,04:59,2741
518.58435385,3436,33.343,0.00021773,0.40855798,19.59943629,78600,0.00022241,-0.59365065,19.57354548,18.488999999999997,9796.0,936.16573568,11-09-2026,04:59,2281
447.90030246,4098,25.740999999999993,0.00020946,0.36698728,19.00094341,78800,0.00021393,-0.63632518,18.94350041,23.501999999999992,6760.0,1066.10205822,11-09-2026,04:59,1109
386.67309354,19732,37.092000000000006,0.00019879,0.32816367,18.2328514,79000,0.00020287,-0.67614779,18.13476577,35.422,8289.0,1204.28401442,11-09-2026,04:59,356
334.36480231,1817,51.379,0.00018665,0.29246525,17.34102256,79200,0.00019001,-0.71251206,17.20230414,14.341999999999995,1793.0,1352.8397575,11-09-2026,04:59,465
289.9150412,4108,20.061,0.00017368,0.25981073,16.36135456,79400,0.00017624,-0.74586931,16.17423409,14.864999999999998,3823.0,1507.41314643,11-09-2026,04:59,700
270.36229049,5728,14.715999999999994,0.00016689,0.24508373,15.86562773,79500,0.00016924,-0.76130028,15.64025417,8.455999999999996,5784.0,1588.14078669,11-09-2026,04:59,530
252.33985963,2572,16.407999999999994,0.00016013,0.2309574,15.35755598,79600,0.00016222,-0.77601725,15.09477302,20.553000000000004,280.0,1669.89994219,11-09-2026,04:59,169
219.32959167,2328,10.106,0.00014697,0.20467248,14.32336294,79800,0.00014825,-0.80279945,14.00727576,0.993,26.0,1836.90835796,11-09-2026,04:59,1049
191.31734197,10740,55.474000000000004,0.0001342,0.18140591,13.30534496,80000,0.0001347,-0.8266721,12.92803899,26.551999999999992,7973.0,2008.9069902,11-09-2026,04:59,2005
167.90016304,1704,2.7980000000000005,0.00012204,0.16078799,12.3169953,80200,0.00012186,-0.8476718,11.88634477,0.48400000000000004,171.0,2185.33966208,11-09-2026,04:59,1893
148.53766195,18940,63.025000000000006,0.00011074,0.14345817,11.41840774,80400,0.00010987,-0.86596319,10.9020703,0.14700000000000002,35.0,2366.00482385,11-09-2026,04:59,3205
140.50025717,7040,9.432999999999998,0.0001055,0.13613906,11.01913787,80500,0.00010423,-0.87411147,10.43874595,1.5739999999999998,760.0,2457.87156268,11-09-2026,04:59,4328
133.08017949,4333,7.416999999999996,0.00010043,0.12870601,10.60070102,80600,9.897e-05,-0.8809172,10.03948235,0.1,100.0,2550.34299028,11-09-2026,04:59,5169
109.36374306,15219,48.07900000000002,8.279e-05,0.10499949,9.17527118,81000,8.038e-05,-0.90498584,8.52952229,2.9589999999999996,2182.0,2926.91474375,11-09-2026,04:59,9092
84.51917294,6792,27.792,6.504e-05,0.08129546,7.59325338,81500,6.131e-05,-0.92987536,6.7844396,0.10600000000000001,175.0,3401.24103061,11-09-2026,04:59,14353
65.92751085,29691,73.08200000000001,5.11e-05,0.06301872,6.24578494,82000,4.648e-05,-0.9483299,5.342115,0.11900000000000001,1081.0,3882.86629134,11-09-2026,04:59,20433
53.46133688,14998,53.27200000000006,4.091e-05,0.0507166,5.26365519,82500,3.526e-05,-0.96161527,4.20488129,0.079,2227.0,4370.21281364,11-09-2026,04:59,27829
40.47644587,49918,81.78900000000002,3.191e-05,0.03876365,4.2386006,83000,2.502e-05,-0.9743334,3.01487924,0.30100000000000005,1762.0,4856.63390767,11-09-2026,04:59,35418
25.04409481,64361,119.013,2.265e-05,0.02547234,2.99574618,83500,1.227e-05,-0.98979321,1.36909119,0.011,610.0,5341.8714427,11-09-2026,04:59,45830
15.66118882,74763,224.1739999999999,1.579e-05,0.01664419,2.08924262,84000,0.0,-1.0,0.0,0.14400000000000002,500.0,5834.2,11-09-2026,04:59,59979
6.07949558,72134,348.86299999999994,7.37e-06,0.00700803,0.98429807,85000,0.0,-1.0,0.0,0.242,2456.0,6833.9,11-09-2026,04:59,95959
2.03255141,66744,256.85900000000004,2.99e-06,0.00255785,0.39979281,86000,0.0,-1.0,0.0,0.077,50.0,7834.2,11-09-2026,04:59,137938
1.06870283,27426,234.488,1.6e-06,0.00135075,0.22375296,87000,0.0,-1.0,0.0,0.027000000000000003,25.0,8833.9,11-09-2026,04:59,188206
0.55857733,58430,259.329,8.5e-07,0.00071216,0.12432569,88000,0.0,-1.0,0.0,0.001,330.0,9833.9,11-09-2026,04:59,241225
0.55839876,76815,138.63700000000003,7.3e-07,0.00065907,0.11574944,89000,0.0,-1.0,0.0,0.517,541.0,10833.9,11-09-2026,04:59,299818
0.55769824,259621,302.71799999999973,6.3e-07,0.00061434,0.10847751,90000,,,,,,,11-09-2026,04:59,365886
9269.21218293,252,0.843,6.01e-06,0.990465,1.27648651,69000,,,,,,,11-09-2026,05:50,378902
8269.56572841,16,0.004,7.57e-06,0.9889004,1.45731864,70000,1.44e-06,-0.00126959,0.20919768,240.6550000000001,371921.0,1.05128759,11-09-2026,05:50,275607
7271.15979614,20,0.001,1.001e-05,0.98636622,1.74153693,71000,2.8e-06,-0.00245126,0.38064447,327.34799999999996,71834.0,2.00196633,11-09-2026,05:50,209246
6274.37895961,0,0.101,1.349e-05,0.98316533,2.08750503,72000,6.44e-06,-0.00591241,0.83792668,569.4529999999995,119246.0,5.00618278,11-09-2026,05:50,150096
5285.13182895,5,0.255,2.192e-05,0.97290186,3.1215465,73000,1.578e-05,-0.01618639,2.01848752,872.0979999999988,159986.0,15.47949089,11-09-2026,05:50,102812
4303.10038292,21,0.016,3.606e-05,0.95570915,4.67247435,74000,3.129e-05,-0.03417163,3.7828933,181.38800000000006,61942.0,33.05269251,11-09-2026,05:50,71341
3322.29680455,138,0.182,5.802e-05,0.93276093,6.49906607,75000,5.387e-05,-0.05687438,5.70295695,282.5439999999999,57906.0,52.00229338,11-09-2026,05:50,46116
2840.64924,2,0.026000000000000002,7.627e-05,0.91204042,7.97067185,75500,7.3e-05,-0.07770648,7.2608521,36.33800000000001,25182.0,70.53044353,11-09-2026,05:50,36248
2371.01226723,1000,0.9480000000000001,0.00010143,0.88122794,9.91555441,76000,9.972e-05,-0.109613,9.36466961,188.80100000000022,31779.0,100.57551289,11-09-2026,05:50,27717
1919.35697764,128,0.008,0.00013449,0.83461134,12.41305916,76500,0.00013476,-0.15746623,12.0216584,37.171,10645.0,148.7366585,11-09-2026,05:50,20920
1499.13700081,2814,2.21,0.00017327,0.76640843,15.29210742,77000,0.00017566,-0.22727074,15.0594378,69.70800000000004,27340.0,228.39826986,11-09-2026,05:50,14611
1343.79224714,200,0.29000000000000004,0.00018851,0.73209838,16.44414006,77200,0.00019194,-0.26213116,16.26327999,12.882999999999996,8098.0,272.94933963,11-09-2026,05:50,12541
1197.72804107,10,0.021,0.00020243,0.69401096,17.51405399,77400,0.00020636,-0.30156297,17.40049288,9.989999999999998,3648.0,326.839028,11-09-2026,05:50,10645
1129.17043845,388,1.009,0.00020867,0.67373911,17.99835365,77500,0.00021306,-0.32221377,17.90644436,12.444999999999997,2402.0,357.9524532,11-09-2026,05:50,9713
1062.30279539,40,0.6440000000000001,0.00021415,0.65262883,18.44239785,77600,0.00021867,-0.3439797,18.37531279,25.343999999999998,959.0,391.61204719,11-09-2026,05:50,8885
937.73039014,67,0.6940000000000001,0.00022268,0.60859225,19.17593456,77800,0.00022776,-0.38900975,19.14278107,12.715999999999998,2726.0,466.95423234,11-09-2026,05:50,7299
824.31736157,6498,18.00399999999999,0.00022774,0.56307394,19.66909152,78000,0.00023306,-0.43563743,19.65869473,36.81900000000002,12902.0,553.36665077,11-09-2026,05:50,5682
721.67856758,2093,10.812,0.00022933,0.51707719,19.90038633,78200,0.00023437,-0.48274014,19.89999372,12.694999999999993,2938.0,650.75672663,11-09-2026,05:50,4395
630.01790975,3841,21.157999999999994,0.00022697,0.4715517,19.86789618,78400,0.00023207,-0.52908082,19.86607776,35.54800000000006,2045.0,759.06014964,11-09-2026,05:50,3347
587.96314033,5643,22.178000000000004,0.00022448,0.44945321,19.7588734,78500,0.00022983,-0.55214662,19.74815647,23.431999999999995,4837.0,816.98107858,11-09-2026,05:50,2989
548.440925,3331,33.45800000000001,0.00022151,0.42740353,19.58792861,78600,0.0002267,-0.57439714,19.57159809,18.796,9507.0,877.33076551,11-09-2026,05:50,2585
475.46559273,4098,26.029999999999994,0.00021382,0.38502425,19.08550116,78800,0.00021843,-0.61784307,19.04319043,23.534999999999993,6780.0,1004.48228848,11-09-2026,05:50,1510
409.89042714,19432,38.34400000000001,0.00020428,0.34470007,18.38957969,79000,0.00020842,-0.65911672,18.31235607,35.72899999999999,8293.0,1138.81356128,11-09-2026,05:50,818
351.00576139,1817,51.43,0.00019327,0.30664227,17.53056764,79200,0.0001969,-0.69796571,17.41307093,14.380999999999995,1803.0,1279.89032372,11-09-2026,05:50,1018
300.01114765,4058,20.123999999999995,0.00018111,0.27123055,16.54649054,79400,0.00018407,-0.73465446,16.36468805,14.864999999999998,3823.0,1428.74897393,11-09-2026,05:50,1272
277.7905831,5444,15.599999999999994,0.00017446,0.25474736,16.02413271,79500,0.00017713,-0.75151431,15.81503351,8.455999999999996,5784.0,1506.56424252,11-09-2026,05:50,1136
257.62770591,1421,17.007999999999996,0.0001677,0.2392428,15.4947242,79600,0.00016992,-0.76722688,15.26246074,20.653000000000002,219.0,1586.11336982,11-09-2026,05:50,818
223.18087408,2835,10.612,0.00015386,0.21173674,14.45934716,79800,0.00015528,-0.79547775,14.16632916,0.928,26.0,1752.04184397,11-09-2026,05:50,1655
194.35881798,14240,60.23400000000002,0.00014031,0.18724275,13.42723365,80000,0.00014104,-0.82056738,13.07525985,26.551999999999992,7973.0,1923.09582946,11-09-2026,05:50,2607
169.82813168,1704,2.8000000000000003,0.0001275,0.16606038,12.44559995,80200,0.00012746,-0.84260475,12.01819014,0.48400000000000004,171.0,2098.52829347,11-09-2026,05:50,2687
148.85213299,14940,67.13000000000001,0.00011551,0.14715464,11.49337581,80400,0.00011474,-0.86203805,11.00254881,0.14700000000000002,35.0,2277.47154256,11-09-2026,05:50,4055
139.64967366,8559,10.661999999999995,0.00010985,0.13850157,11.03208317,80500,0.00010872,-0.87094922,10.50858125,1.5739999999999998,760.0,2368.20353085,11-09-2026,05:50,5106
130.74764176,4308,7.441999999999997,0.00010435,0.13024457,10.57585938,80600,0.00010296,-0.87912091,10.03917938,0.1,100.0,2459.59963678,11-09-2026,05:50,5976
102.77274563,19050,52.429000000000016,8.504e-05,0.10336674,8.97617608,81000,8.243e-05,-0.90676215,8.32305438,2.9589999999999996,2182.0,2831.19750695,11-09-2026,05:50,9905
77.02159512,9339,30.42299999999999,6.579e-05,0.07819128,7.29525602,81500,6.163e-05,-0.93327861,6.46031321,0.10600000000000001,175.0,3305.40534565,11-09-2026,05:50,15417
58.48354248,30131,73.54300000000002,5.083e-05,0.05929642,5.89290044,82000,4.546e-05,-0.95268928,4.92674985,0.11900000000000001,1081.0,3787.03679422,11-09-2026,05:50,21840
45.5759051,14698,54.463000000000065,3.967e-05,0.04594243,4.81221179,82500,3.323e-05,-0.96659119,3.71323037,0.079,2227.0,4273.57336443,11-09-2026,05:50,29576
36.4075545,49918,82.98700000000001,3.138e-05,0.03643927,3.98750505,83000,2.383e-05,-0.9769174,2.728839,0.30100000000000005,1762.0,4764.35925612,11-09-2026,05:50,37507
24.93284766,65861,120.71300000000002,2.319e-05,0.02577593,2.99376478,83500,1.304e-05,-0.98913024,1.43104674,0.020999999999999998,600.0,5252.74387916,11-09-2026,05:50,48249
14.95592699,81561,230.34399999999988,1.587e-05,0.01641227,2.04257069,84000,0.0,-1.0,0.0,0.14400000000000002,500.0,5744.9,11-09-2026,05:50,62821
5.98173826,71059,353.89099999999996,7.51e-06,0.00707785,0.98249617,85000,0.0,-1.0,0.0,0.242,2456.0,6744.8,11-09-2026,05:50,100308
1.99195689,67444,263.10800000000006,3.04e-06,0.00258099,0.39881974,86000,0.0,-1.0,0.0,0.077,50.0,7744.8,11-09-2026,05:50,143697
1.04542596,28426,236.488,1.62e-06,0.00136152,0.22300434,87000,0.0,-1.0,0.0,0.027000000000000003,25.0,8744.9,11-09-2026,05:50,195425
0.54758824,59460,260.35900000000004,8.7e-07,0.00071738,0.1238483,88000,0.0,-1.0,0.0,0.001,330.0,9744.8,11-09-2026,05:50,250004
0.54765776,76815,138.63700000000003,7.4e-07,0.00066342,0.11522982,89000,0.0,-1.0,0.0,0.517,541.0,10744.9,11-09-2026,05:50,310262
0.54775445,259621,301.21799999999973,6.4e-07,0.00061802,0.10793201,90000,,,,,,,11-09-2026,05:50,377998
9302.49064194,252,0.843,6.01e-06,0.99043794,1.27713926,69000,,,,,,,11-09-2026,06:00,379788
8302.28511876,16,0.004,7.43e-06,0.98911845,1.42972411,70000,1.43e-06,-0.00126533,0.2081473,240.78500000000008,372051.0,1.06907893,11-09-2026,06:00,276160
7303.0901242,20,0.001,1.112e-05,0.98395993,1.99890791,71000,2.77e-06,-0.00243965,0.37830498,328.89099999999996,73377.0,2.03719798,11-09-2026,06:00,209479
6307.54457658,0,0.101,1.329e-05,0.98338185,2.06061796,72000,6.4e-06,-0.00589606,0.83412623,569.4529999999995,119246.0,4.92042928,11-09-2026,06:00,150163
5317.50265441,5,0.255,2.192e-05,0.97262776,3.14169445,73000,1.56e-05,-0.01609126,2.00455904,872.8979999999989,160786.0,14.73874817,11-09-2026,06:00,102713
4333.94613884,21,0.016,3.496e-05,0.95748622,4.5120624,74000,3.017e-05,-0.03249613,3.62232482,183.14800000000005,62742.0,31.15256,11-09-2026,06:00,71167
3350.94802325,138,0.182,5.615e-05,0.93624306,6.22424699,75000,5.148e-05,-0.05306154,5.38856514,282.55099999999993,58206.0,48.01307519,11-09-2026,06:00,45945
2868.63724134,2,0.026000000000000002,7.47e-05,0.91583528,7.695419,75500,7.1e-05,-0.07434473,7.00656063,36.33800000000001,25022.0,65.58459717,11-09-2026,06:00,36111
2398.22115511,1000,0.9480000000000001,9.886e-05,0.88583127,9.62338938,76000,9.678e-05,-0.10426067,9.0156227,188.86600000000018,31779.0,94.68739286,11-09-2026,06:00,27599
1945.77594152,128,0.008,0.00013225,0.83923606,12.16229799,76500,0.00013237,-0.15211269,11.72706983,36.594,10586.0,141.68799611,11-09-2026,06:00,20827
1523.1519178,2814,2.21,0.00017258,0.77045635,15.11134222,77000,0.00017329,-0.22083043,14.78659412,69.73700000000008,27392.0,219.53414176,11-09-2026,06:00,14527
1366.80439547,200,0.29000000000000004,0.00018556,0.73710356,16.25571891,77200,0.00018896,-0.25471331,15.99327977,12.882999999999996,8098.0,263.50298557,11-09-2026,06:00,12489
1219.53445336,10,0.021,0.00020026,0.7021348,17.27119329,77400,0.00020557,-0.29686289,17.24070496,9.989999999999998,3648.0,315.91978475,11-09-2026,06:00,10603
1149.50178349,388,1.009,0.00020753,0.68107934,17.79501597,77500,0.00021089,-0.31361252,17.67004394,12.450999999999997,2396.0,345.89156681,11-09-2026,06:00,9676
1082.97896454,40,0.6540000000000001,0.00021383,0.65740651,18.30880401,77600,0.00021709,-0.33491208,18.15394919,25.343999999999998,959.0,378.31434216,11-09-2026,06:00,8852
955.35007606,67,0.7010000000000001,0.0002228,0.61608927,19.03179339,77800,0.00022699,-0.37956984,18.96868624,12.715999999999998,2726.0,450.72493973,11-09-2026,06:00,7269
838.74874428,6497,18.00399999999999,0.00022879,0.56798321,19.58752448,78000,0.00023243,-0.42882706,19.56191219,36.81900000000002,12902.0,534.95490479,11-09-2026,06:00,5657
734.78896056,2087,10.818,0.0002298,0.52596304,19.83915085,78200,0.00023521,-0.4736306,19.83782167,12.711999999999993,2940.0,631.00763662,11-09-2026,06:00,4405
643.58085962,3903,21.221999999999998,0.00022707,0.47515998,19.83729949,78400,0.00023334,-0.52202798,19.84943513,35.78500000000007,2045.0,738.96426667,11-09-2026,06:00,3366
600.90544724,5659,22.187000000000005,0.00022696,0.45780437,19.77046614,78500,0.00023047,-0.54859516,19.72820165,23.431999999999995,4837.0,797.13102973,11-09-2026,06:00,3022
562.12305764,3331,33.46600000000001,0.00022172,0.43484045,19.61400905,78600,0.00022658,-0.56518854,19.61575603,18.796,9507.0,858.45503528,11-09-2026,06:00,2638
489.96019504,4048,25.07999999999999,0.00021391,0.39259232,19.15481865,78800,0.00021923,-0.60912998,19.13270106,23.594999999999995,6730.0,985.86620021,11-09-2026,06:00,1588
424.14323736,19432,38.36400000000001,0.00020469,0.34912548,18.43785364,79000,0.0002094,-0.65242057,18.41025019,35.748999999999995,8273.0,1119.27432537,11-09-2026,06:00,918
363.93966047,1817,51.43,0.00019474,0.31469132,17.69582136,79200,0.00019744,-0.68826102,17.62465787,14.380999999999995,1803.0,1260.18704916,11-09-2026,06:00,1164
310.87806445,3958,20.284,0.000183,0.27893137,16.74480654,79400,0.00018618,-0.72685329,16.57318507,14.864999999999998,3823.0,1406.72415355,11-09-2026,06:00,1425
287.3173754,5454,15.609999999999994,0.00017645,0.25930888,16.14078243,79500,0.00017941,-0.74388117,16.03939863,8.455999999999996,5784.0,1483.38539855,11-09-2026,06:00,1298
266.50435631,1421,17.007999999999996,0.00016942,0.24557726,15.68505855,79600,0.00017238,-0.76018027,15.48618344,20.653000000000002,219.0,1562.14343612,11-09-2026,06:00,998
230.10093394,2835,10.612,0.00015629,0.21782587,14.67199179,79800,0.00015789,-0.78929002,14.39104267,0.928,26.0,1726.29176767,11-09-2026,06:00,1836
200.3860861,14340,60.10700000000004,0.0001416,0.18968681,13.50669689,80000,0.00014245,-0.8180724,13.16143488,26.551999999999992,7973.0,1896.69392691,11-09-2026,06:00,2788
175.12846598,1604,2.9000000000000004,0.00012991,0.17079341,12.64881945,80200,0.00013001,-0.83773115,12.23734371,0.48400000000000004,171.0,2070.13760334,11-09-2026,06:00,2901
153.83565968,14940,67.23000000000002,0.00011781,0.15153119,11.69856244,80400,0.00011722,-0.85723053,11.24034384,0.14700000000000002,35.0,2250.08730261,11-09-2026,06:00,4267
144.42377263,8819,10.671999999999997,0.00011168,0.14203893,11.20063374,80500,0.0001106,-0.86765881,10.67213482,1.5739999999999998,760.0,2340.3921895,11-09-2026,06:00,5325
135.79485001,4358,7.491999999999997,0.00010594,0.13283703,10.6994872,80600,0.00010371,-0.87871963,10.04103076,0.1,100.0,2431.79179596,11-09-2026,06:00,6207
107.11187735,19112,52.007000000000026,8.602e-05,0.10502188,9.06107734,81000,8.35e-05,-0.90508235,8.4158283,2.9589999999999996,2182.0,2803.14655445,11-09-2026,06:00,10148
80.68683841,9038,30.648000000000003,6.757e-05,0.08135762,7.50352548,81500,6.376e-05,-0.9297314,6.71114525,0.10600000000000001,175.0,3276.26793355,11-09-2026,06:00,15690
61.66570512,30131,73.54500000000002,5.172e-05,0.06086369,6.00191118,82000,4.735e-05,-0.94956679,5.17477112,0.11900000000000001,1081.0,3757.01744283,11-09-2026,06:00,22115
48.01204798,14698,54.935000000000066,4.084e-05,0.04792265,4.96804424,82500,3.492e-05,-0.96415264,3.92708889,0.079,2227.0,4243.27616598,11-09-2026,06:00,29864
38.26240319,49918,84.137,3.217e-05,0.03767342,4.08953659,83000,2.485e-05,-0.97557918,2.85568004,0.30100000000000005,1762.0,4733.78515699,11-09-2026,06:00,37806
25.40152099,65861,120.71300000000002,2.364e-05,0.02629311,3.03821502,83500,6.51e-06,-0.9957715,0.62031423,0.020999999999999998,600.0,5219.49858237,11-09-2026,06:00,48562
15.4544657,82401,231.38499999999988,1.657e-05,0.01733079,2.13594472,84000,0.0,-1.0,0.0,0.14400000000000002,500.0,5712.0,11-09-2026,06:00,63140
5.83296084,71059,353.6909999999999,7.55e-06,0.00709407,0.98242675,85000,0.0,-1.0,0.0,0.242,2456.0,6712.0,11-09-2026,06:00,100717
1.95606337,67444,263.908,3.06e-06,0.00258909,0.39916203,86000,0.0,-1.0,0.0,0.077,50.0,7712.0,11-09-2026,06:00,144198
1.02635055,28426,236.488,1.63e-06,0.00136547,0.22316113,87000,0.0,-1.0,0.0,0.027000000000000003,25.0,8712.1,11-09-2026,06:00,196010
0.53763677,59460,260.35900000000004,8.7e-07,0.00071965,0.12397723,88000,0.0,-1.0,0.0,0.001,330.0,9712.0,11-09-2026,06:00,250673
0.5387055,76815,138.63700000000003,7.4e-07,0.00066494,0.11524611,89000,0.0,-1.0,0.0,0.517,541.0,10712.0,11-09-2026,06:00,311017
0.53940679,259621,301.21799999999973,6.5e-07,0.00061931,0.10792642,90000,,,,,,,11-09-2026,06:00,378838
9276.61132766,252,0.843,6.05e-06,0.99036483,1.28292621,69000,,,,,,,11-09-2026,06:08,378577
8276.86148445,16,0.004,7.32e-06,0.98938239,1.39645317,70000,1.44e-06,-0.00126855,0.20818541,240.78500000000008,372051.0,1.04359048,11-09-2026,06:08,275313
7278.47264347,20,0.001,1.038e-05,0.98558421,1.81986792,71000,2.79e-06,-0.00244899,0.3787618,328.89099999999996,73377.0,1.98723835,11-09-2026,06:08,208997
6281.64512774,0,0.101,1.349e-05,0.98312506,2.08332082,72000,6.41e-06,-0.00590174,0.83322031,569.4529999999995,116746.0,4.9731539,11-09-2026,06:08,150045
5291.72384929,5,0.255,2.164e-05,0.97339925,3.06106016,73000,1.574e-05,-0.01616791,2.00822123,872.8979999999989,159682.0,14.91579093,11-09-2026,06:08,102710
4309.37176297,21,0.016,3.559e-05,0.95667021,4.57162986,74000,3.082e-05,-0.03338343,3.69568081,183.14800000000005,62742.0,31.87875149,11-09-2026,06:08,71167
3327.46630201,138,0.182,5.727e-05,0.93443925,6.34685033,75000,5.286e-05,-0.05492645,5.52550643,282.55099999999993,58306.0,49.49648094,11-09-2026,06:08,45944
2844.57850201,2,0.026000000000000002,7.501e-05,0.91506736,7.73347838,75500,7.176e-05,-0.07504062,7.04183427,36.33800000000001,25022.0,66.83158027,11-09-2026,06:08,36107
2373.92528814,1000,0.9480000000000001,0.00010068,0.88360795,9.73426296,76000,9.883e-05,-0.10712833,9.17352689,188.86600000000018,31779.0,96.1946022,11-09-2026,06:08,27598
1922.19663926,128,0.008,0.00013402,0.83719804,12.23617489,76500,0.00013419,-0.1546138,11.82902119,36.594,10585.0,144.20808923,11-09-2026,06:08,20826
1502.68248786,2819,2.21,0.00017255,0.76939661,15.12182745,77000,0.00017484,-0.22430179,14.88771695,69.73700000000008,27192.0,224.54211479,11-09-2026,06:08,14531
1347.90112383,200,0.29000000000000004,0.00018784,0.73503399,16.28695255,77200,0.00019148,-0.26048703,16.14409734,12.882999999999996,8098.0,269.37639508,11-09-2026,06:08,12477
1201.60810508,10,0.021,0.00020228,0.69591006,17.39390231,77400,0.00020588,-0.29838285,17.24753404,9.989999999999998,3648.0,323.48342349,11-09-2026,06:08,10584
1132.06946558,388,1.009,0.00020853,0.67556811,17.88344417,77500,0.00021281,-0.32025262,17.78760747,12.450999999999997,2423.0,353.78368606,11-09-2026,06:08,9654
1064.84995638,40,0.6540000000000001,0.00021395,0.6558459,18.30473406,77600,0.00021895,-0.34175658,18.25499773,25.343999999999998,959.0,386.32859418,11-09-2026,06:08,8826
938.6095471,67,0.7010000000000001,0.00022349,0.61076669,19.06724643,77800,0.00022853,-0.38663459,19.03047773,12.715999999999998,2726.0,460.12174563,11-09-2026,06:08,7242
823.75406169,6497,18.00399999999999,0.00022873,0.56643739,19.56270081,78000,0.00023402,-0.43295036,19.55680856,36.81900000000002,12902.0,545.35332195,11-09-2026,06:08,5627
721.52359196,2102,10.818,0.00023017,0.52017389,19.81314298,78200,0.00023544,-0.47949314,19.81237437,12.711999999999993,2942.0,643.11946054,11-09-2026,06:08,4351
631.19529325,5306,21.221999999999998,0.00022763,0.47448265,19.79784037,78400,0.00023285,-0.52750013,19.78983881,35.78500000000007,2105.0,752.84849503,11-09-2026,06:08,3306
590.27312554,5659,22.187000000000005,0.00022501,0.45102346,19.68731241,78500,0.00023008,-0.54910355,19.68804897,23.431999999999995,4837.0,811.83259061,11-09-2026,06:08,3053
551.45471035,2431,33.46600000000001,0.00022168,0.43038439,19.53569604,78600,0.00022659,-0.57257176,19.50788282,18.796,9532.0,872.89596356,11-09-2026,06:08,2670
480.12063754,4048,25.07999999999999,0.00021371,0.38819015,19.05417001,78800,0.00021789,-0.61569452,18.9965636,23.594999999999995,6730.0,1001.56032227,11-09-2026,06:08,1563
415.53067314,19432,38.36400000000001,0.0002041,0.34808528,18.38211215,79000,0.000208,-0.65687719,18.28263965,35.748999999999995,8273.0,1136.87033002,11-09-2026,06:08,889
356.19819676,1817,51.43,0.00019341,0.30990456,17.54128436,79200,0.00019668,-0.69566372,17.40037928,14.380999999999995,1803.0,1277.55411026,11-09-2026,06:08,1116
303.61447195,3958,20.284,0.00018118,0.27326164,16.53959251,79400,0.00018416,-0.73250315,16.36406776,14.864999999999998,3823.0,1424.96123617,11-09-2026,06:08,1383
280.40285421,5454,15.609999999999994,0.00017495,0.25712225,16.03676918,79500,0.0001774,-0.74946224,15.81910223,8.455999999999996,5784.0,1502.08326485,11-09-2026,06:08,1253
260.07328628,1421,17.007999999999996,0.00016833,0.2419881,15.52854795,79600,0.00017031,-0.76559043,15.25882287,20.653000000000002,219.0,1581.02511092,11-09-2026,06:08,943
224.7575565,2835,10.612,0.00015435,0.21285221,14.44417854,79800,0.00015579,-0.79427665,14.15721843,0.928,26.0,1746.18823477,11-09-2026,06:08,1791
195.64411449,14340,60.10700000000004,0.00014099,0.1890044,13.45042559,80000,0.00014192,-0.81853936,13.11478818,26.551999999999992,7923.0,1917.11549397,11-09-2026,06:08,2753
170.81278835,1604,2.9000000000000004,0.00012797,0.16689208,12.43441513,80200,0.00012836,-0.84089351,12.05513065,0.48400000000000004,171.0,2092.0698139,11-09-2026,06:08,2863
150.07537138,14940,67.23000000000002,0.00011595,0.14796882,11.48847014,80400,0.00011523,-0.86113633,11.00603522,0.14700000000000002,35.0,2271.38821841,11-09-2026,06:08,4239
140.70945867,9239,10.671999999999997,0.00011026,0.13928727,11.02904958,80500,0.00010921,-0.86988031,10.5254923,1.5739999999999998,760.0,2361.43224879,11-09-2026,06:08,5297
132.46519488,4358,7.491999999999997,0.00010505,0.13199936,10.63086097,80600,0.00010383,-0.8773311,10.10262713,0.1,100.0,2453.41268126,11-09-2026,06:08,6189
105.57975696,19562,52.007000000000026,8.591e-05,0.10573329,9.08764007,81000,8.348e-05,-0.90437664,8.4454331,2.9589999999999996,2182.0,2826.50182839,11-09-2026,06:08,10167
79.76254244,9038,30.648000000000003,6.649e-05,0.07992162,7.38667737,81500,6.269e-05,-0.93094578,6.6067678,0.10600000000000001,175.0,3300.63225201,11-09-2026,06:08,15774
60.65956235,29806,73.54500000000002,5.17e-05,0.06111113,6.00918544,82000,4.494e-05,-0.95389033,4.8063721,0.11900000000000001,1081.0,3780.68348396,11-09-2026,06:08,22268
46.78852425,14698,54.935000000000066,4.023e-05,0.04704711,4.88464629,82500,3.365e-05,-0.96596871,3.75455883,0.079,2227.0,4267.49928662,11-09-2026,06:08,30063
37.24462564,52018,84.137,3.179e-05,0.0371927,4.03818295,83000,2.4e-05,-0.97671434,2.73774903,0.30100000000000005,1762.0,4757.67059653,11-09-2026,06:08,38051
24.20872386,65904,120.71300000000002,2.306e-05,0.02543827,2.94899604,83500,9.31e-06,-0.99318723,0.94603957,0.020999999999999998,600.0,5243.65755338,11-09-2026,06:08,48964
14.71972612,102501,231.38499999999988,1.59e-05,0.01642825,2.03586417,84000,0.0,-1.0,0.0,0.14400000000000002,500.0,5737.3,11-09-2026,06:08,63693
5.13917124,70559,353.6909999999999,7.15e-06,0.00660835,0.92098162,85000,0.0,-1.0,0.0,0.242,2456.0,6737.3,11-09-2026,06:08,103624
2.008214,67444,263.908,3.05e-06,0.00258281,0.39742911,86000,0.0,-1.0,0.0,0.077,50.0,7737.3,11-09-2026,06:08,149374
1.05408911,28426,236.488,1.63e-06,0.00136245,0.22222843,87000,0.0,-1.0,0.0,0.027000000000000003,25.0,8737.3,11-09-2026,06:08,203467
0.55219987,59460,260.35900000000004,8.7e-07,0.00071782,0.12340841,88000,0.0,-1.0,0.0,0.001,330.0,9737.3,11-09-2026,06:08,260412
0.55187139,76815,138.63700000000003,7.4e-07,0.00066378,0.11481398,89000,0.0,-1.0,0.0,0.517,541.0,10737.3,11-09-2026,06:08,323036
0.55168574,259621,301.21799999999973,6.4e-07,0.00061832,0.10753397,90000,,,,,,,11-09-2026,06:08,393137
9292.59448428,252,0.843,5.98e-06,0.99052511,1.25056644,69000,,,,,,,11-09-2026,06:54,350622
8293.81171624,16,0.004,7.3e-06,0.98943868,1.37490845,70000,1.44e-06,-0.00126825,0.2058943,272.6530000000001,381151.0,0.98772442,11-09-2026,06:54,253512
7295.81426362,20,0.001,9.67e-06,0.98696616,1.65056742,71000,2.79e-06,-0.00244801,0.37454425,324.22999999999996,73377.0,1.88954354,11-09-2026,06:54,194261
6298.38932278,0,0.101,1.335e-05,0.98338858,2.03313334,72000,6.43e-06,-0.00590711,0.82480233,613.0549999999995,75745.0,4.85885479,11-09-2026,06:54,142373
5308.29699807,5,0.255,2.133e-05,0.97400779,2.96999886,73000,1.6e-05,-0.01657136,2.02891781,886.3819999999988,137233.0,14.99420214,11-09-2026,06:54,98023
4327.43398517,21,0.016,3.589e-05,0.955911,4.58612127,74000,3.138e-05,-0.03448072,3.75436865,195.99900000000008,62847.0,33.27209645,11-09-2026,06:54,67231
3345.05303573,138,0.182,5.778e-05,0.93290082,6.39218451,75000,5.395e-05,-0.05747067,5.66460527,291.043,59888.0,52.74835707,11-09-2026,06:54,42728
2864.20278082,2,0.026000000000000002,7.592e-05,0.91256634,7.81706496,75500,7.255e-05,-0.07717845,7.11613848,36.57500000000001,25022.0,70.08755619,11-09-2026,06:54,33308
2390.82561073,1000,1.0470000000000002,9.88e-05,0.88946866,9.28264447,76000,9.832e-05,-0.1076854,9.10992557,192.6210000000002,30660.0,97.84524316,11-09-2026,06:54,25235
1938.24230722,274,0.154,0.00013383,0.83726317,12.10104105,76500,0.00013401,-0.15506389,11.72390521,36.562000000000005,10494.0,143.65547032,11-09-2026,06:54,18858
1516.90620631,2818,2.3579999999999997,0.00017302,0.76817799,15.00102729,77000,0.00017521,-0.22562246,14.77459414,70.28200000000008,27211.0,222.36440291,11-09-2026,06:54,12983
1362.54223444,200,0.29000000000000004,0.00018788,0.73329305,16.1630638,77200,0.00018978,-0.25792764,15.89160221,13.104999999999997,8120.0,267.99571002,11-09-2026,06:54,11095
1216.84144936,10,0.021,0.00020059,0.69869959,17.13858584,77400,0.00020551,-0.30061979,17.11736664,10.059999999999999,3748.0,322.46083678,11-09-2026,06:54,9360
1147.4777614,388,1.1600000000000001,0.00020747,0.675473,17.69283245,77500,0.00021155,-0.32068652,17.60578575,13.940999999999995,2568.0,352.96941539,11-09-2026,06:54,8506
1080.6650319,40,0.6690000000000002,0.00021319,0.65356815,18.14978572,77600,0.00021726,-0.34222509,18.06765546,23.302999999999997,959.0,386.33646619,11-09-2026,06:54,7755
952.40669307,67,0.655,0.00022244,0.61108327,18.85735963,77800,0.000227,-0.38680659,18.82761749,12.764999999999999,2756.0,458.87293298,11-09-2026,06:54,6333
836.39646241,6562,17.94499999999999,0.00022851,0.5648534,19.36237115,78000,0.00023325,-0.43326651,19.34768983,36.097000000000016,12712.0,541.76403146,11-09-2026,06:54,4880
730.39026793,3123,12.196,0.00023049,0.51875787,19.60060337,78200,0.00023518,-0.47684206,19.5933695,13.848999999999991,2988.0,636.53204042,11-09-2026,06:54,3792
636.39455326,3800,24.273999999999994,0.00022884,0.47275942,19.57641113,78400,0.00023414,-0.52713761,19.57752138,37.750000000000064,2378.0,741.27020459,11-09-2026,06:54,3004
592.86699509,5603,23.899000000000008,0.00022678,0.45104583,19.47493999,78500,0.00023191,-0.55096142,19.46205706,23.333,4771.0,797.77852966,11-09-2026,06:54,2719
552.63319613,8430,40.385000000000005,0.00022403,0.4281619,19.30337175,78600,0.00022902,-0.57299365,19.29348003,28.025,1205.0,857.44823817,11-09-2026,06:54,2423
478.596602,4928,24.921999999999997,0.00021637,0.385048,18.80189818,78800,0.00022129,-0.61358309,18.82550576,22.190000000000005,6525.0,982.37821627,11-09-2026,06:54,2484
413.8469596,19325,36.720000000000006,0.00020631,0.34445793,18.11117874,79000,0.00021064,-0.65842718,18.05463765,33.62799999999999,8303.0,1119.23152198,11-09-2026,06:54,2006
356.3914723,1818,51.291,0.00019457,0.30680025,17.273681,79200,0.00019827,-0.69710837,17.17609658,14.525999999999994,1788.0,1260.78807171,11-09-2026,06:54,2356
307.0628589,3565,20.926999999999996,0.00018179,0.27277067,16.34650302,79400,0.0001858,-0.7312655,16.22763317,14.864999999999998,3823.0,1412.06782582,11-09-2026,06:54,2747
285.45935751,5656,15.709999999999994,0.00017498,0.25640175,15.83966279,79500,0.00017751,-0.74896764,15.66473761,8.676999999999996,5538.0,1489.78410694,11-09-2026,06:54,2667
265.16563932,1421,17.007999999999996,0.00016798,0.24096655,15.32417537,79600,0.00017099,-0.76137165,15.24595344,20.673000000000002,219.0,1570.00772077,11-09-2026,06:54,2465
229.81582511,2845,10.729000000000006,0.00015442,0.21341687,14.31036287,79800,0.0001569,-0.79124382,14.12893314,1.072,170.0,1733.92732448,11-09-2026,06:54,3425
199.73171081,15235,61.66900000000004,0.00014089,0.18842279,13.27927759,80000,0.00014149,-0.81956811,12.92568384,27.08,8401.0,1903.83420222,11-09-2026,06:54,4477
173.33690234,1703,2.999,0.00012886,0.16723784,12.31846284,80200,0.00012792,-0.84252664,11.84325023,0.48400000000000004,171.0,2078.35463676,11-09-2026,06:54,4671
151.94254701,14940,67.42000000000002,0.00011668,0.1479307,11.36414042,80400,0.00011632,-0.85920193,10.99227259,0.14700000000000002,35.0,2256.09917923,11-09-2026,06:54,6192
143.07322777,9439,11.225999999999997,0.00011037,0.1391049,10.90037591,80500,0.00010934,-0.87012839,10.39830694,1.185,759.0,2347.27881757,11-09-2026,06:54,7324
134.52102412,4570,7.889999999999996,0.00010487,0.13110477,10.46637157,80600,0.00010334,-0.87856222,9.92192532,0.2,200.0,2438.21098429,11-09-2026,06:54,8297
107.34650996,20747,54.401000000000025,8.572e-05,0.10509806,8.95003822,81000,8.359e-05,-0.90354894,8.40671872,2.9589999999999996,2182.0,2811.32848314,11-09-2026,06:54,12561
81.44134832,8542,30.488000000000007,6.713e-05,0.08082722,7.37087853,81500,6.267e-05,-0.93112338,6.52257001,0.099,175.0,3284.9347264,11-09-2026,06:54,18631
61.94216059,28919,74.87800000000001,5.141e-05,0.0604181,5.89126013,82000,4.664e-05,-0.95051628,5.03112572,0.11900000000000001,1081.0,3765.08846943,11-09-2026,06:54,25539
47.49485944,14748,54.98800000000007,3.995e-05,0.04636839,4.7759938,82500,3.458e-05,-0.96455819,3.8407388,0.078,2227.0,4250.78769031,11-09-2026,06:54,33708
37.06267295,38629,113.21200000000002,3.146e-05,0.03649013,3.93281178,83000,2.405e-05,-0.97662954,2.71642313,0.30100000000000005,1762.0,4740.01823196,11-09-2026,06:54,42077
24.24909371,75336,130.92000000000002,2.313e-05,0.02547699,2.92118005,83500,1.295e-05,-0.98930427,1.39037178,0.020999999999999998,600.0,5227.80304463,11-09-2026,06:54,52649
14.93270794,102349,305.3669999999997,1.591e-05,0.01643489,2.01462225,84000,0.0,-1.0,0.0,0.14400000000000002,500.0,5720.00000002,11-09-2026,06:54,67580
5.38762233,68259,348.76699999999994,6.75e-06,0.00611416,0.85038768,85000,0.0,-1.0,0.0,0.242,2456.0,6720.0,11-09-2026,06:54,107855
2.1229773,67944,265.27200000000005,3.05e-06,0.00258354,0.39324461,86000,0.0,-1.0,0.0,0.077,50.0,7720.0,11-09-2026,06:54,153721
1.11531107,28426,236.488,1.63e-06,0.00136285,0.21989368,87000,0.0,-1.0,0.0,0.027000000000000003,25.0,8720.0,11-09-2026,06:54,207976
0.58400913,59460,260.759,8.7e-07,0.00071798,0.12210248,88000,0.0,-1.0,0.0,0.001,330.0,9720.0,11-09-2026,06:54,265082
0.58145666,75015,145.727,7.4e-07,0.00066391,0.11359624,89000,0.0,-1.0,0.0,0.517,541.0,10720.0,11-09-2026,06:54,327868
0.57918654,263121,305.01799999999974,6.4e-07,0.00061844,0.10639485,90000,,,,,,,11-09-2026,06:54,397951
9361.94123998,252,0.8379999999999999,5.28e-06,0.99191669,1.03226454,69000,,,,,,,11-09-2026,10:25,436906
8362.62728177,16,0.003,6.82e-06,0.99024597,1.21713209,70000,2.88e-06,-0.00306965,0.43586388,290.131,418911.0,3.0332131,11-09-2026,10:25,323495
7363.13774164,20,,8.66e-06,0.98873101,1.38016474,71000,1.77e-06,-0.00140965,0.21517086,351.0469999999999,79267.0,1.04100568,11-09-2026,10:25,251627
6365.53660621,0,0.1,1.196e-05,0.98556753,1.70980438,72000,4.58e-06,-0.00385249,0.53455251,630.0169999999996,44654.0,2.98044239,11-09-2026,10:25,187807
5372.64274648,5,0.045000000000000005,1.868e-05,0.97840873,2.41080715,73000,1.237e-05,-0.01166465,1.42226158,751.0069999999989,109138.0,9.94414935,11-09-2026,10:25,128434
4387.76104493,21,0.014,3.196e-05,0.96304551,3.7700326,74000,2.692e-05,-0.02749792,2.95346901,327.25800000000015,192281.0,24.86418906,11-09-2026,10:25,79882
3395.97415536,138,0.30400000000000005,4.991e-05,0.94839485,4.9355723,75000,4.445e-05,-0.04121048,4.11990889,259.72400000000005,56085.0,33.26585844,11-09-2026,10:25,50197
2908.76978666,2,,6.691e-05,0.93188404,6.13533898,75500,6.167e-05,-0.05696265,5.33722084,40.36600000000004,25524.0,45.67439405,11-09-2026,10:25,38260
2432.91845872,1000,1.105,9.215e-05,0.90443273,7.92208112,76000,8.888e-05,-0.08540906,7.28784209,229.7630000000002,56700.0,69.94132737,11-09-2026,10:25,27624
1973.05384052,266,0.184,0.00012687,0.86231456,10.26958406,76500,0.00012554,-0.12923153,9.83230509,47.55000000000001,19763.0,109.68591767,11-09-2026,10:25,19835
1540.92306413,2597,2.4909999999999997,0.0001696,0.7978754,13.14890583,77000,0.00017108,-0.19565114,12.89338069,72.81400000000008,31133.0,177.74728902,11-09-2026,10:25,13036
1380.48744567,260,0.46099999999999997,0.00018732,0.76453378,14.35784907,77200,0.00018959,-0.22981414,14.16540435,17.541999999999994,11600.0,217.21451573,11-09-2026,10:25,10904
1229.05205678,61,0.08099999999999999,0.00020406,0.72629002,15.53693551,77400,0.00020739,-0.26882675,15.3980537,11.562999999999999,5055.0,265.38639296,11-09-2026,10:25,8946
1156.79256466,930,2.883,0.0002118,0.70424286,16.12111327,77500,0.00021654,-0.29110342,16.00248614,15.515999999999991,3417.0,292.93201138,11-09-2026,10:25,8000
1086.75922365,302,2.07,0.00021917,0.68448031,16.59111128,77600,0.00022395,-0.3132285,16.53752093,23.810000000000002,1070.0,323.16304394,11-09-2026,10:25,7231
955.2388696,425,1.1300000000000001,0.00023145,0.6386405,17.48243831,77800,0.00023643,-0.35964588,17.45268686,15.634999999999998,3904.0,391.72498108,11-09-2026,10:25,5704
835.29013277,10244,44.767999999999994,0.00023941,0.59107083,18.13130111,78000,0.00024426,-0.40732111,18.11374664,42.17300000000004,15363.0,471.85348795,11-09-2026,10:25,4153
728.70253684,4796,22.838999999999984,0.00024242,0.54281634,18.51200752,78200,0.00024799,-0.45856511,18.51644116,20.69299999999998,6147.0,564.83330999,11-09-2026,10:25,3357
634.40382839,4128,36.133,0.00024073,0.49365188,18.61628645,78400,0.00024658,-0.50806136,18.6132862,41.076,3417.0,670.51708654,11-09-2026,10:25,2652
591.40831636,5850,29.006,0.00023901,0.46853106,18.55918504,78500,0.00024402,-0.53036971,18.56528531,24.945999999999998,5481.0,727.417187,11-09-2026,10:25,2407
551.19892514,2838,44.67600000000001,0.00023564,0.44703171,18.45478834,78600,0.00024067,-0.55616326,18.43229401,27.687999999999995,1296.0,787.40506771,11-09-2026,10:25,2189
477.5625841,5343,22.542999999999992,0.00022697,0.40165091,18.04989879,78800,0.00023184,-0.60204691,18.00465197,21.843000000000004,6271.0,913.77775375,11-09-2026,10:25,1996
412.63323462,19726,39.49200000000001,0.00021658,0.35916223,17.44595205,79000,0.00022095,-0.64424542,17.38766313,34.19699999999999,7079.0,1048.61857409,11-09-2026,10:25,1663
353.72719937,2808,53.847,0.00020497,0.31949158,16.679042,79200,0.00020825,-0.6861952,16.55063115,13.015999999999991,1766.0,1189.90897982,11-09-2026,10:25,2256
302.46236721,4555,28.120999999999995,0.00019148,0.28056586,15.72427414,79400,0.00019432,-0.72413523,15.59524376,13.505999999999997,3823.0,1338.55061295,11-09-2026,10:25,2757
279.66179235,5318,18.536999999999985,0.00018478,0.26507003,15.28902393,79500,0.00018724,-0.74080874,15.11357165,10.027999999999999,5487.0,1415.71398236,11-09-2026,10:25,2773
259.02084888,1982,16.793999999999997,0.00017701,0.24705004,14.73572957,79600,0.00017972,-0.75662015,14.6195657,22.145000000000003,1435.0,1494.98884141,11-09-2026,10:25,2643
222.60175293,3923,13.257000000000003,0.00016226,0.21752872,13.72800475,79800,0.00016434,-0.78728918,13.55230191,1.088,174.0,1658.67656234,11-09-2026,10:25,3545
192.20272029,30388,76.82000000000005,0.00014824,0.19247884,12.7660012,80000,0.00014899,-0.81548595,12.43720535,29.702999999999996,7528.0,1828.23673162,11-09-2026,10:25,4750
166.46826238,4680,6.761,0.00013382,0.16845213,11.73988292,80200,0.00013446,-0.83809579,11.44370009,0.48400000000000004,171.0,2002.25106716,11-09-2026,10:25,5862
144.80954181,3384,85.52200000000002,0.00012077,0.14820562,10.79350287,80400,0.00012075,-0.85855385,10.46074552,0.14700000000000002,35.0,2180.67978384,11-09-2026,10:25,7908
135.04097765,8709,15.609999999999998,0.00011498,0.1399503,10.38510497,80500,0.00011404,-0.86855887,9.94829732,1.287,759.0,2271.3163116,11-09-2026,10:25,8984
126.29091084,7026,11.340999999999994,0.00010907,0.13138578,9.94540492,80600,0.00010757,-0.8785026,9.41770536,0.2,200.0,2361.88515621,11-09-2026,10:25,10059
97.01440848,29358,80.53400000000006,8.805e-05,0.10281621,8.35781644,81000,8.551e-05,-0.90670173,7.78356868,3.001,2082.0,2732.98793597,11-09-2026,10:25,14909
71.94605403,18422,41.37600000000001,6.74e-05,0.07675228,6.723856,81500,6.341e-05,-0.93357421,6.0178331,0.233,65.0,3208.09301133,11-09-2026,10:25,22206
55.85216782,15860,96.81900000000002,5.205e-05,0.0589503,5.48306116,82000,4.712e-05,-0.95181943,4.67289719,0.116,1081.0,3691.15085272,11-09-2026,10:25,30825
44.32024301,21028,75.48200000000008,4.073e-05,0.04630067,4.52601949,82500,3.487e-05,-0.96505522,3.60123767,0.061,2227.0,4179.55486563,11-09-2026,10:25,39868
31.21825283,93669,171.32100000000003,3.061e-05,0.03364399,3.49108764,83000,2.264e-05,-0.97932989,2.32350242,0.35,1812.0,4666.22650077,11-09-2026,10:25,49546
19.0726458,41868,184.88800000000003,2.09e-05,0.02126521,2.37999314,83500,9.3e-06,-0.99334598,0.86956246,0.02,600.0,5153.84728002,11-09-2026,10:25,64284
11.04006107,136641,316.3189999999998,1.383e-05,0.01307796,1.57037675,84000,0.0,-1.0,0.0,0.14300000000000002,500.0,5650.0,11-09-2026,10:25,81468
4.0166814,51900,402.3809999999999,6.01e-06,0.00515172,0.692979,85000,0.0,-1.0,0.0,0.241,2456.0,6650.0,11-09-2026,10:25,129878
1.62638654,67328,331.93000000000006,3.11e-06,0.00260734,0.3762199,86000,0.0,-1.0,0.0,0.076,50.0,7650.0,11-09-2026,10:25,182242
1.05504458,29423,233.17,1.66e-06,0.00137432,0.21024641,87000,0.0,-1.0,0.0,0.001,25.0,8650.0,11-09-2026,10:25,242930
0.55253008,73937,270.784,8.8e-07,0.00072346,0.11667139,88000,0.0,-1.0,0.0,,330.0,9650.0,11-09-2026,10:25,306571
0.55231355,69117,159.13600000000002,7.5e-07,0.00066845,0.10846444,89000,0.0,-1.0,0.0,0.51,563.0,10650.0,11-09-2026,10:25,377343
0.55203144,263062,303.06299999999976,6.5e-07,0.00062229,0.10153222,90000,,,,,,,11-09-2026,10:25,454802
9327.52957006,252,0.8379999999999999,5.47e-06,0.9915562,1.0683212,69000,,,,,,,11-09-2026,10:38,457819
8328.0400651,16,0.003,6.84e-06,0.99026654,1.20994864,70000,3.98e-06,-0.00465643,0.63077255,294.558,419411.0,5.00788689,11-09-2026,10:38,340411
7328.63501124,20,,8.86e-06,0.98842634,1.40689763,71000,1.79e-06,-0.00141618,0.21521101,350.30799999999994,83498.0,1.03659583,11-09-2026,10:38,264514
6331.27973847,0,0.1,1.205e-05,0.98556296,1.70330477,72000,5.09e-06,-0.00438956,0.59839403,625.7849999999996,44654.0,3.46216089,11-09-2026,10:38,197172
5339.0075425,5,0.045000000000000005,1.917e-05,0.97773175,2.46471061,73000,1.317e-05,-0.01263272,1.51789223,756.206999999999,109138.0,10.88402961,11-09-2026,10:38,134274
4353.50965247,21,0.014,3.231e-05,0.96283936,3.7722021,74000,2.722e-05,-0.0276548,2.95575275,328.25800000000015,217381.0,25.22081842,11-09-2026,10:38,82189
3362.36509905,138,0.30400000000000005,5.069e-05,0.94781261,4.96006852,75000,4.534e-05,-0.04194474,4.16266007,259.21400000000006,56185.0,33.98242985,11-09-2026,10:38,51421
2874.97167507,2,,6.79e-05,0.93136344,6.14706512,75500,6.321e-05,-0.05833363,5.41606262,39.36700000000004,25656.0,46.43756778,11-09-2026,10:38,38978
2400.27386157,1000,1.105,9.42e-05,0.90197087,8.03935914,76000,9.097e-05,-0.08771047,7.40467877,230.8180000000002,64391.0,71.44941684,11-09-2026,10:38,27845
1942.52304603,266,0.184,0.0001295,0.85830369,10.43057101,76500,0.00012873,-0.1334053,10.01003794,46.87600000000002,20009.0,113.86577375,11-09-2026,10:38,19879
1514.37891172,2597,2.4909999999999997,0.00017281,0.79114692,13.35304442,77000,0.00017449,-0.20240482,13.10675843,72.70900000000009,31103.0,185.26721648,11-09-2026,10:38,12971
1354.53291908,260,0.46099999999999997,0.00019082,0.75631434,14.56913326,77200,0.00019331,-0.23765362,14.37212479,17.591999999999995,13150.0,225.46343417,11-09-2026,10:38,10769
1204.34871119,61,0.08099999999999999,0.00020727,0.71781245,15.7053202,77400,0.00021112,-0.27756189,15.57956896,11.565999999999999,5058.0,275.19012564,11-09-2026,10:38,8757
1133.50808548,930,2.883,0.00021468,0.69710834,16.2311895,77500,0.00021845,-0.29877418,16.13128411,15.47399999999999,3426.0,304.48126178,11-09-2026,10:38,7801
1066.1395486,302,2.149,0.00022102,0.67409665,16.7475865,77600,0.0002252,-0.32141462,16.65282964,23.981,1221.0,337.02831503,11-09-2026,10:38,7022
940.06501376,425,1.1600000000000001,0.00023114,0.62870423,17.56992516,77800,0.00023566,-0.36875737,17.53062058,15.745999999999995,3904.0,411.03553846,11-09-2026,10:38,5482
824.76813593,9974,44.74799999999999,0.00023745,0.58095783,18.16044423,78000,0.00024242,-0.41748055,18.1453846,42.16300000000004,15279.0,495.45017631,11-09-2026,10:38,3918
717.84259873,4537,22.845999999999986,0.00024044,0.53247016,18.48154348,78200,0.00024541,-0.46683142,18.47914181,22.012999999999977,6456.0,588.40690161,11-09-2026,10:38,3045
621.65665604,4578,36.355000000000004,0.0002398,0.48464212,18.52984772,78400,0.00024485,-0.51585867,18.52868656,41.099000000000004,3421.0,692.19139859,11-09-2026,10:38,2271
577.89300017,5859,29.273,0.00023795,0.46091893,18.45429292,78500,0.00024275,-0.54031736,18.44822296,25.055999999999997,5511.0,748.88144008,11-09-2026,10:38,2040
538.1801757,2838,44.70100000000001,0.00023461,0.43709774,18.31156343,78600,0.00023919,-0.56366084,18.30674289,27.692999999999998,1296.0,808.86774946,11-09-2026,10:38,1800
466.85482471,5342,22.526999999999994,0.00022539,0.39271806,17.86796335,78800,0.00023009,-0.60942038,17.84117574,21.908000000000005,6405.0,937.45683035,11-09-2026,10:38,1598
403.88618898,19588,40.06600000000002,0.00021418,0.35102157,17.23409293,79000,0.00021837,-0.65176662,17.18485215,34.136999999999986,7019.0,1074.69430983,11-09-2026,10:38,1233
346.39504351,2812,52.862,0.00020212,0.31154523,16.43307162,79200,0.00020572,-0.6924014,16.34235143,12.928999999999991,1766.0,1217.12994712,11-09-2026,10:38,1788
295.77350239,3755,28.120999999999995,0.0001889,0.27545541,15.5221302,79400,0.00019169,-0.72945346,15.38443784,13.515999999999995,3813.0,1366.14323124,11-09-2026,10:38,2280
273.16901796,5318,18.746999999999986,0.00018171,0.25834371,15.02690139,79500,0.00018429,-0.74685627,14.86856258,10.017999999999997,5487.0,1443.68051119,11-09-2026,10:38,2251
252.91123362,1982,16.796999999999997,0.00017446,0.24255862,14.53323462,79600,0.00017659,-0.76340418,14.33688662,22.185000000000002,1395.0,1523.56554081,11-09-2026,10:38,2092
218.18606037,3923,13.257000000000003,0.00015975,0.21364962,13.53175193,79800,0.00016113,-0.79397595,13.24509873,1.088,174.0,1688.52780265,11-09-2026,10:38,2975
188.58034512,30388,76.82100000000005,0.00014518,0.18774898,12.52059954,80000,0.00014606,-0.81876825,12.24912346,29.692999999999998,7518.0,1858.72551943,11-09-2026,10:38,4157
163.2465907,4680,6.763,0.00013158,0.16537789,11.55513194,80200,0.00013147,-0.84269153,11.18387091,0.48400000000000004,171.0,2033.47582625,11-09-2026,10:38,5218
141.52142615,3384,85.52200000000002,0.00011871,0.14527514,10.60751688,80400,0.00011797,-0.86304432,10.19161301,0.14700000000000002,35.0,2211.68661104,11-09-2026,10:38,7241
131.95806601,8709,15.759999999999998,0.00011269,0.13634957,10.16107637,80500,0.00011162,-0.87214628,9.7200892,1.287,759.0,2301.83786758,11-09-2026,10:38,8306
122.95619156,7046,11.350999999999994,0.00010684,0.12783539,9.71912044,80600,0.00010526,-0.88110503,9.23723533,0.2,200.0,2392.77693613,11-09-2026,10:38,9366
94.91571437,29986,81.12800000000007,8.618e-05,0.10006481,8.16131311,81000,8.352e-05,-0.9094281,7.58381339,3.001,2082.0,2764.65225339,11-09-2026,10:38,14174
71.35615487,18418,41.436000000000014,6.598e-05,0.07511599,6.58733357,81500,6.222e-05,-0.93467813,5.91623421,0.233,65.0,3241.41105646,11-09-2026,10:38,21447
55.95313327,16415,97.15900000000002,5.137e-05,0.05855808,5.43242133,82000,4.657e-05,-0.95199152,4.64077428,0.096,1081.0,3725.71012349,11-09-2026,10:38,30046
44.04188645,23137,78.0320000000001,4.012e-05,0.04568136,4.45941208,82500,3.426e-05,-0.96565765,3.53609688,0.061,2227.0,4213.73539477,11-09-2026,10:38,39098
31.17183238,96455,173.407,2.984e-05,0.03267688,3.39424553,83000,2.222e-05,-0.97971434,2.27780328,0.35,1812.0,4700.07880611,11-09-2026,10:38,48893
19.06403092,41118,184.87800000000004,2.071e-05,0.02116742,2.36131104,83500,9.2e-06,-0.99338055,0.86210109,0.02,600.0,5188.41808853,11-09-2026,10:38,63887
11.09662367,142641,317.16899999999976,1.369e-05,0.01301443,1.55748465,84000,0.0,-1.0,0.0,0.14300000000000002,500.0,5684.2,11-09-2026,10:38,81284
4.03550808,51900,402.87699999999995,5.96e-06,0.00513248,0.68793672,85000,0.0,-1.0,0.0,0.241,2456.0,6684.4,11-09-2026,10:38,130734
1.93743943,66828,331.9870000000001,3.08e-06,0.00259732,0.37340106,86000,0.0,-1.0,0.0,0.076,50.0,7684.4,11-09-2026,10:38,184124
1.0584061,29423,233.18,1.64e-06,0.00136902,0.2086448,87000,0.0,-1.0,0.0,0.001,25.0,8684.2,11-09-2026,10:38,245797
0.55435008,73937,271.123,8.7e-07,0.00072099,0.11582782,88000,0.0,-1.0,0.0,,330.0,9684.4,11-09-2026,10:38,310422
0.55393891,69117,159.13600000000002,7.5e-07,0.00066636,0.10770692,89000,0.0,-1.0,0.0,0.51,563.0,10684.2,11-09-2026,10:38,382177
0.55344981,263062,304.4029999999998,6.5e-07,0.00062051,0.10084678,90000,,,,,,,11-09-2026,10:38,460618
9399.70652854,252,0.8379999999999999,5.3e-06,0.99183257,1.03551679,69000,,,,,,,11-09-2026,10:49,460523
8399.93913955,16,0.003,6.57e-06,0.99069513,1.16093555,70000,3.92e-06,-0.00462271,0.62546414,295.342,419411.0,5.02557918,11-09-2026,10:49,342611
7400.91852531,20,,8.52e-06,0.98890838,1.35320036,71000,1.76e-06,-0.00140422,0.21312631,354.54999999999995,83498.0,1.0428672,11-09-2026,10:49,266207
6403.44426524,0,0.1,1.192e-05,0.98555094,1.70115731,72000,4.54e-06,-0.00383344,0.52902896,625.0849999999996,44654.0,2.98075556,11-09-2026,10:49,198359
5410.36931857,5,0.045000000000000005,1.837e-05,0.97873965,2.36545117,73000,1.226e-05,-0.01160814,1.40780176,756.206999999999,109138.0,9.94117938,11-09-2026,10:49,134956
4424.68866585,21,0.014,3.145e-05,0.96355021,3.7057698,74000,2.611e-05,-0.02651778,2.84836768,355.1580000000002,219981.0,24.03301688,11-09-2026,10:49,82375
3433.03119355,138,0.30400000000000005,4.91e-05,0.94894133,4.86496017,75000,4.351e-05,-0.04045538,4.03451981,256.95400000000006,56177.0,32.81784089,11-09-2026,10:49,51381
2945.52709634,2,,6.512e-05,0.93405133,5.94842706,75500,6.034e-05,-0.05569219,5.21175696,39.00600000000006,25626.0,44.39944664,11-09-2026,10:49,38823
2468.44179585,1000,1.105,8.991e-05,0.90711048,7.71181082,76000,8.664e-05,-0.08303449,7.09293245,238.06500000000023,66328.0,67.38351811,11-09-2026,10:49,27569
2007.50990525,266,0.184,0.00012406,0.86525641,10.05898492,76500,0.00012297,-0.12632078,9.61969263,47.12600000000002,20515.0,106.67088794,11-09-2026,10:49,19595
1574.5955374,2597,2.4909999999999997,0.00016644,0.80140849,12.93215422,77000,0.00016779,-0.19189456,12.66536542,72.9630000000001,31102.0,173.52956308,11-09-2026,10:49,12695
1412.64834619,260,0.46099999999999997,0.00018424,0.76871687,14.12999023,77200,0.00018657,-0.22557115,13.93279125,19.491999999999997,13450.0,211.48618734,11-09-2026,10:49,10545
1259.75323998,61,0.08099999999999999,0.00020111,0.73113428,15.30619327,77400,0.00020429,-0.2638775,15.16176951,11.565999999999999,5077.0,258.15653606,11-09-2026,10:49,8551
1187.04018144,930,2.883,0.0002089,0.71079907,15.8588905,77500,0.00021239,-0.28476892,15.7433184,15.483999999999991,2777.0,285.69390139,11-09-2026,10:49,7606
1116.96915741,337,2.1599999999999997,0.00021593,0.68968494,16.3732154,77600,0.00021998,-0.30639191,16.28212521,23.921000000000003,1328.0,315.11240184,11-09-2026,10:49,6853
985.34849026,425,1.1600000000000001,0.00022769,0.64462272,17.27707766,77800,0.00023207,-0.35248844,17.22678171,14.747,3879.0,384.17290541,11-09-2026,10:49,5313
865.36329733,10174,43.93,0.00023567,0.59764489,17.94952078,78000,0.00024046,-0.40056832,17.92906786,43.46500000000004,15479.0,463.72902123,11-09-2026,10:49,3757
756.20277086,4927,23.247999999999987,0.00023956,0.54942211,18.36459627,78200,0.00024451,-0.44972243,18.35970759,22.213999999999977,6408.0,554.65211292,11-09-2026,10:49,2983
658.7704467,4223,37.67500000000001,0.00023914,0.50132794,18.50665071,78400,0.00024407,-0.49894006,18.50673743,40.04599999999999,3475.0,657.21183222,11-09-2026,10:49,2290
614.28335418,5758,29.28,0.00023755,0.47745967,18.4772321,78500,0.00024239,-0.52297925,18.47609112,24.985999999999997,5509.0,712.77838737,11-09-2026,10:49,2062
572.31817032,2838,44.68300000000001,0.00023483,0.4543502,18.3855082,78600,0.00023992,-0.54703059,18.37802979,27.668,1296.0,770.70276021,11-09-2026,10:49,1858
497.03997594,4544,22.476999999999997,0.00022728,0.40926203,18.0260155,78800,0.00023169,-0.59294274,18.00223726,22.009000000000004,6405.0,895.31493564,11-09-2026,10:49,1673
429.07523275,19588,40.42800000000001,0.00021753,0.3664362,17.45965748,79000,0.00022149,-0.63656443,17.41169583,34.03699999999999,7019.0,1027.4228429,11-09-2026,10:49,1297
368.34712715,2982,52.86500000000001,0.00020602,0.32612299,16.71985341,79200,0.00020961,-0.6777532,16.63793943,12.928999999999991,1766.0,1166.74647934,11-09-2026,10:49,1919
314.58983101,3704,28.910999999999998,0.00019322,0.28830812,15.83572805,79400,0.00019634,-0.71641721,15.71192811,13.515999999999995,3813.0,1313.16161353,11-09-2026,10:49,2422
291.31208285,5218,18.786999999999985,0.00018634,0.27088648,15.36360531,79500,0.00018908,-0.73431932,15.21450626,10.017999999999997,5487.0,1389.71641647,11-09-2026,10:49,2412
269.1616484,1982,16.696999999999996,0.00017927,0.25416881,14.87078551,79600,0.00018157,-0.75107987,14.70767014,22.185000000000002,1395.0,1467.4862083,11-09-2026,10:49,2283
231.81842839,3923,13.257000000000003,0.00016462,0.22392004,13.87491067,79800,0.00016628,-0.78197294,13.66463645,1.088,174.0,1629.73911932,11-09-2026,10:49,3162
200.76732359,30389,76.66100000000006,0.00015017,0.19749376,12.88897111,80000,0.00015116,-0.80930506,12.61680736,29.702999999999996,7620.0,1799.00471772,11-09-2026,10:49,4336
173.67642006,4680,6.763,0.00013623,0.17377567,11.90488048,80200,0.00013656,-0.8336188,11.57766933,0.48400000000000004,171.0,1972.34685185,11-09-2026,10:49,5448
150.41536425,3484,85.52200000000002,0.00012315,0.15268169,10.9444234,80400,0.00012272,-0.85517454,10.56462785,0.14700000000000002,35.0,2148.69945203,11-09-2026,10:49,7465
140.31853864,8909,15.709999999999997,0.00011695,0.14334828,10.49187085,80500,0.00011613,-0.86505239,10.06950251,1.287,759.0,2238.51045443,11-09-2026,10:49,8530
130.52510779,7046,11.380999999999993,0.00011093,0.13417087,10.02949376,80600,0.00010986,-0.87392597,9.60665938,0.2,200.0,2329.15366257,11-09-2026,10:49,9602
98.59736813,29342,80.15900000000005,8.926e-05,0.10354169,8.35029498,81000,8.686e-05,-0.90554087,7.80772745,3.001,2082.0,2696.81225993,11-09-2026,10:49,14404
73.7626237,18418,41.439000000000014,6.827e-05,0.07753355,6.73483087,81500,6.463e-05,-0.93216455,6.07960254,0.233,65.0,3171.91063969,11-09-2026,10:49,21648
57.95744553,16415,97.641,5.307e-05,0.06034168,5.55065624,82000,4.815e-05,-0.95058445,4.73972322,0.096,1081.0,3655.69958131,11-09-2026,10:49,30204
45.50784453,23957,78.04100000000008,4.134e-05,0.04691422,4.54682125,82500,3.572e-05,-0.96409376,3.6604608,0.061,2227.0,4143.45622874,11-09-2026,10:49,39219
34.12785614,100690,176.589,3.166e-05,0.03530171,3.60986771,83000,2.498e-05,-0.97617851,2.60355772,0.35,1812.0,4631.4365812,11-09-2026,10:49,49031
21.0725361,43018,185.55200000000002,2.215e-05,0.02304368,2.53182535,83500,1.175e-05,-0.99091684,1.13669469,0.02,600.0,5118.62273049,11-09-2026,10:49,64285
12.25132304,145435,317.0189999999998,1.493e-05,0.01450363,1.70670254,84000,0.0,-1.0,0.0,0.14300000000000002,500.0,5612.1,11-09-2026,10:49,81999
4.59815565,51870,402.847,6.94e-06,0.00620179,0.81221655,85000,0.0,-1.0,0.0,0.241,2456.0,6612.2,11-09-2026,10:49,132352
2.00770145,66828,332.37800000000004,3.13e-06,0.00261582,0.37505656,86000,0.0,-1.0,0.0,0.076,50.0,7612.2,11-09-2026,10:49,186639
1.05471863,29429,228.786,1.66e-06,0.00137806,0.20949775,87000,0.0,-1.0,0.0,0.001,25.0,8612.1,11-09-2026,10:49,249190
0.55213656,73937,271.123,8.8e-07,0.00072517,0.11621972,88000,0.0,-1.0,0.0,,330.0,9612.2,11-09-2026,10:49,314692
0.55212923,69117,159.14000000000004,7.6e-07,0.00066993,0.10803076,89000,0.0,-1.0,0.0,0.51,563.0,10612.2,11-09-2026,10:49,387327
0.55198407,263062,304.3989999999998,6.5e-07,0.00062353,0.10110496,90000,,,,,,,11-09-2026,10:49,466648
9217.39454036,252,0.8379999999999999,5.53e-06,0.99158175,1.04201558,69000,,,,,,,11-09-2026,11:54,506739
8218.21475632,16,0.003,6.72e-06,0.99070826,1.13621395,70000,5.39e-06,-0.00686041,0.87022406,297.15499999999975,418785.0,7.94079699,11-09-2026,11:54,379242
7218.9641204,20,,8.8e-06,0.98881111,1.33607901,71000,1.84e-06,-0.00143574,0.21312084,346.75099999999986,93639.0,1.1585968,11-09-2026,11:54,293073
6221.74093476,0,0.1,1.243e-05,0.98528267,1.69358796,72000,5.7e-06,-0.00496911,0.65366681,622.5679999999995,44654.0,4.02456252,11-09-2026,11:54,216593
5229.71349671,5,0.045000000000000005,1.96e-05,0.97772626,2.41093614,73000,1.363e-05,-0.0128524,1.50674004,758.9449999999988,90984.0,10.9767625,11-09-2026,11:54,144557
4245.35233212,21,0.014,3.396e-05,0.96127097,3.81571307,74000,2.927e-05,-0.02983736,3.07903249,455.28400000000033,317420.0,26.84680264,11-09-2026,11:54,81541
3255.82480112,138,0.30400000000000005,5.427e-05,0.94409545,5.12233515,75000,4.903e-05,-0.0455761,4.35314457,268.6150000000001,58035.0,37.22908074,11-09-2026,11:54,49522
2769.86863104,2,,7.265e-05,0.9267012,6.32304627,75500,6.876e-05,-0.06417307,5.70663221,42.72900000000005,26676.0,51.38786492,11-09-2026,11:54,36672
2297.41187177,1000,1.1260000000000001,0.00010077,0.89534921,8.2459658,76000,9.834e-05,-0.09581542,7.7317245,253.83200000000022,77540.0,78.55154065,11-09-2026,11:54,25191
1844.01057637,266,0.184,0.00013867,0.84647683,10.76362726,76500,0.00013842,-0.14571678,10.39509552,49.08100000000001,21000.0,125.02854967,11-09-2026,11:54,17394
1424.12031614,2597,2.802999999999999,0.0001833,0.77382896,13.67316203,77000,0.00018543,-0.22026292,13.4687616,76.45500000000008,28129.0,203.46582912,11-09-2026,11:54,10826
1267.7385655,318,0.592,0.00020087,0.73702594,14.83103853,77200,0.00020392,-0.25777852,14.67951366,20.784999999999993,13230.0,248.8047852,11-09-2026,11:54,8696
1122.17955186,78,0.098,0.00021652,0.69582456,15.90362621,77400,0.00022036,-0.29994606,15.80402471,12.108999999999998,4963.0,303.2402541,11-09-2026,11:54,6750
1053.59907565,930,3.7,0.00022372,0.673901,16.38300256,77500,0.00022769,-0.32260306,16.31064877,15.357999999999993,3171.0,334.42680321,11-09-2026,11:54,5831
987.69415111,277,2.3,0.0002298,0.6513374,16.81386849,77600,0.00023422,-0.34544769,16.75657911,24.474000000000004,1373.0,368.1549938,11-09-2026,11:54,5086
864.12243508,462,9.253,0.0002389,0.60370939,17.51824622,77800,0.0002438,-0.39390015,17.48995421,15.332,3565.0,444.81802003,11-09-2026,11:54,3622
754.15082983,10674,47.48100000000001,0.00024337,0.55482044,17.96316079,78000,0.00024848,-0.44424138,17.95718535,44.23500000000003,15486.0,534.98877318,11-09-2026,11:54,2144
657.80893004,5635,26.428999999999984,0.00024259,0.50591638,18.13291577,78200,0.00024775,-0.49401042,18.13306714,24.523999999999983,6623.0,638.53210405,11-09-2026,11:54,1283
572.99625252,3297,41.01700000000002,0.0002377,0.45818995,18.0350495,78400,0.00024234,-0.54257919,18.03172147,39.496999999999986,3545.0,754.14893343,11-09-2026,11:54,640
533.67338678,3887,35.191,0.00023465,0.43518937,17.89529347,78500,0.00023925,-0.56642787,17.88292501,27.716,5418.0,814.42721474,11-09-2026,11:54,334
495.86343038,3795,47.81000000000002,0.00023064,0.41229058,17.69466433,78600,0.00023531,-0.58949031,17.67692693,27.741999999999997,1305.0,876.2528628,11-09-2026,11:54,-34
425.08596614,4359,26.279999999999994,0.00022153,0.36826629,17.13683268,78800,0.00022516,-0.633972,17.10269919,23.590000000000003,4395.0,1005.96629723,11-09-2026,11:54,-127
362.68899335,20123,40.785,0.00021004,0.32687668,16.39913503,79000,0.00021369,-0.67696703,16.31961409,32.891999999999996,7060.0,1142.94406016,11-09-2026,11:54,-376
309.37893534,3456,53.56700000000001,0.00019685,0.28843214,15.52052472,79200,0.00019977,-0.71566704,15.4157752,12.616999999999994,1766.0,1289.78766074,11-09-2026,11:54,99
264.76760186,3511,29.298999999999996,0.00018217,0.2542986,14.5759839,79400,0.00018444,-0.75121954,14.40749371,13.001999999999994,3813.0,1445.35135493,11-09-2026,11:54,635
245.03523384,4802,19.61999999999999,0.00017468,0.23829053,14.07648646,79500,0.00017667,-0.76753108,13.88537896,10.002999999999997,5487.0,1525.1416188,11-09-2026,11:54,578
227.25424336,3302,17.961999999999996,0.00016707,0.22358704,13.58474825,79600,0.00016869,-0.78246229,13.37277261,23.157000000000004,364.0,1607.84282607,11-09-2026,11:54,363
195.40147644,3926,13.786999999999999,0.0001522,0.19624465,12.58177426,79800,0.00015304,-0.81041463,12.31890078,1.084,174.0,1775.93180289,11-09-2026,11:54,1462
166.99265106,32062,80.45000000000007,0.00013782,0.17161657,11.57305932,80000,0.000138,-0.83559894,11.2573817,29.49499999999999,7590.0,1947.59452321,11-09-2026,11:54,2672
141.74153865,5005,9.720999999999998,0.0001242,0.14901276,10.55233187,80200,0.00012355,-0.85914429,10.15962291,0.48400000000000004,171.0,2121.79311338,11-09-2026,11:54,3686
120.2868279,3184,85.92200000000003,0.00011128,0.1291726,9.57398415,80400,0.00010982,-0.87958025,9.11564331,0.14700000000000002,35.0,2300.49732994,11-09-2026,11:54,5781
111.54797931,9819,17.188999999999993,0.00010515,0.12047054,9.11835077,80500,0.0001035,-0.88784102,8.66730649,1.1960000000000002,759.0,2390.38228938,11-09-2026,11:54,6874
103.78208654,7044,11.388999999999994,9.943e-05,0.11288271,8.7072196,80600,9.727e-05,-0.89631845,8.19036042,0.2,200.0,2483.57234612,11-09-2026,11:54,7970
81.25572296,33461,82.84900000000005,7.965e-05,0.08850854,7.29056445,81000,7.656e-05,-0.92060751,6.71903223,2.701,2082.0,2859.74050213,11-09-2026,11:54,12957
60.17064128,20518,42.063000000000024,6.041e-05,0.0658747,5.82380479,81500,5.591e-05,-0.94426437,5.11005417,0.233,65.0,3340.54166079,11-09-2026,11:54,20614
46.10934172,16361,98.06899999999999,4.632e-05,0.05025963,4.70761726,82000,4.037e-05,-0.9611738,3.82342917,0.07600000000000001,1081.0,3826.10684787,11-09-2026,11:54,29726
37.40175759,27976,83.43000000000009,3.648e-05,0.04014802,3.92893967,82500,2.994e-05,-0.97146205,2.96733458,0.05,2227.0,4316.874149,11-09-2026,11:54,39270
25.84094036,124235,201.954,2.677e-05,0.02827407,2.94447227,83000,1.8e-05,-0.9847251,1.74854308,0.4,1762.0,4805.00166125,11-09-2026,11:54,49805
15.4043146,51680,201.33100000000005,1.846e-05,0.0183036,2.04124314,83500,6.06e-06,-0.9960888,0.5278216,0.02,600.0,5294.23178199,11-09-2026,11:54,66971
9.21175291,148975,334.66399999999976,1.192e-05,0.01096213,1.31250592,84000,0.0,-1.0,0.0,0.14300000000000002,500.0,5793.6,11-09-2026,11:54,87039
3.0507416,97071,443.97999999999996,4.85e-06,0.00400285,0.53886388,85000,0.0,-1.0,0.0,1.4909999999999999,1206.0,6793.6,11-09-2026,11:54,142446
1.20365318,66578,333.601,1.95e-06,0.00149247,0.22079096,86000,0.0,-1.0,0.0,0.076,50.0,7793.6,11-09-2026,11:54,207044
0.72862536,30268,229.63400000000001,1.61e-06,0.00135565,0.20223585,87000,0.0,-1.0,0.0,0.001,25.0,8793.6,11-09-2026,11:54,279063
0.5594323,78947,275.818,8.6e-07,0.00071457,0.11235061,88000,0.0,-1.0,0.0,0.3,30.0,9793.6,11-09-2026,11:54,354122
0.55635616,69117,164.14000000000004,7.4e-07,0.00066106,0.10456479,89000,0.0,-1.0,0.0,0.51,563.0,10793.6,11-09-2026,11:54,437074
0.55678935,262462,297.1949999999997,6.4e-07,0.00061604,0.09797368,90000,,,,,,,11-09-2026,11:54,526416
9170.51322923,264,0.7,5.13e-06,0.99246689,0.8959251,69000,,,,,,,11-09-2026,14:52,585069
8170.74974078,16,0.003,6.62e-06,0.99097364,1.05015142,70000,2.67e-06,-0.00270135,0.3586967,296.6049999999998,421709.0,2.60055253,11-09-2026,14:52,439162
7171.07532886,20,,8.19e-06,0.9899869,1.1498677,71000,1.19e-06,-0.00083291,0.12265178,422.6109999999999,187142.0,0.56507644,11-09-2026,14:52,335089
6171.67384185,0,0.1,1.033e-05,0.98888522,1.25937227,72000,2.43e-06,-0.00165243,0.22967732,626.826,82709.0,1.08138253,11-09-2026,14:52,249833
5175.34567118,5,0.02,1.635e-05,0.98340531,1.77975658,73000,7.78e-06,-0.00581728,0.71290321,760.975999999999,58666.0,4.10850742,11-09-2026,14:52,172835
4185.92465071,21,0.014,2.929e-05,0.97071871,2.87380531,74000,2.274e-05,-0.01949661,2.04187333,627.5480000000001,310387.0,15.06299606,11-09-2026,14:52,101691
3195.53994246,235,0.521,4.889e-05,0.95601274,4.01055615,75000,4.241e-05,-0.03397166,3.24933558,278.8960000000001,62287.0,24.25952391,11-09-2026,14:52,61151
2708.83230501,2,,6.91e-05,0.9377365,5.28432332,75500,6.382e-05,-0.05253753,4.62319129,35.722,30816.0,37.59943587,11-09-2026,14:52,44161
2234.19635259,1000,1.1420000000000001,9.975e-05,0.90681809,7.18066964,76000,9.656e-05,-0.08442632,6.67192277,394.5760000000001,145334.0,62.70035986,11-09-2026,14:52,28672
1771.95861264,266,0.233,0.00014205,0.86017147,9.58383869,76500,0.00014101,-0.13135752,9.18209339,87.95000000000003,14733.0,100.36042889,11-09-2026,14:52,19927
1339.10805,3097,4.133999999999999,0.00019601,0.78820079,12.48236283,77000,0.00019789,-0.2057157,12.2698072,94.25400000000005,28113.0,167.60414685,11-09-2026,14:52,12519
1180.24011833,319,1.455,0.00021844,0.74915698,13.71912044,77200,0.00022154,-0.24533486,13.55727933,28.503,12681.0,208.50018278,11-09-2026,14:52,10164
1031.82626949,1001,1.257,0.00023906,0.70475057,14.87481063,77400,0.00024325,-0.2910531,14.77643856,14.148,5351.0,259.49148726,11-09-2026,14:52,7899
960.8606266,1711,4.672000000000001,0.0002486,0.68077003,15.39553913,77500,0.00025305,-0.31534422,15.3162251,25.17799999999999,5298.0,289.19912505,11-09-2026,14:52,6908
893.37497415,1352,5.754999999999999,0.00025699,0.65598263,15.86073746,77600,0.00026185,-0.3411316,15.81029854,52.517,4123.0,321.70459747,11-09-2026,14:52,6033
767.27668803,4969,14.793000000000003,0.00026975,0.60266998,16.61950925,77800,0.00027551,-0.39519896,16.59535372,16.976,4541.0,395.33298882,11-09-2026,14:52,4359
655.76047598,9770,67.51400000000001,0.00027652,0.54795472,17.06800598,78000,0.0002828,-0.45142809,17.06445113,99.28600000000006,27095.0,483.3561727,11-09-2026,14:52,3089
558.81154076,8511,38.104,0.00027508,0.49250628,17.18906134,78200,0.0002811,-0.50793079,17.18878852,34.25999999999998,7740.0,587.03358427,11-09-2026,14:52,1686
475.29171376,5864,46.563000000000024,0.00026799,0.43895906,16.99083111,78400,0.00027315,-0.56241225,16.98145166,45.10799999999998,3806.0,703.69960535,11-09-2026,14:52,1298
437.06347866,18272,52.926000000000016,0.00026284,0.4129406,16.78117435,78500,0.00026821,-0.58906787,16.76182287,28.308000000000007,6366.0,765.38394397,11-09-2026,14:52,1201
400.98939258,4474,55.36200000000002,0.00025736,0.38765611,16.50619177,78600,0.00026236,-0.61494354,16.47357748,29.688999999999993,925.0,829.13918595,11-09-2026,14:52,1651
334.41227398,4854,31.14999999999999,0.00024396,0.33876056,15.76836352,78800,0.0002485,-0.66490198,15.70183415,25.605999999999995,3775.0,962.49525019,11-09-2026,14:52,2138
277.14162929,25059,52.62100000000001,0.00022765,0.29342324,14.83252648,79000,0.00023129,-0.71118283,14.72304162,34.884,5318.0,1105.27463863,11-09-2026,14:52,2494
229.38403428,2356,56.60700000000001,0.00020899,0.25264968,13.77120813,79200,0.00021179,-0.75299026,13.60680174,12.558999999999987,2696.0,1257.3247342,11-09-2026,14:52,3766
191.17286925,3786,33.147999999999996,0.00018906,0.21711289,12.66331526,79400,0.00019104,-0.7899062,12.4232564,12.016999999999998,4588.0,1419.25353143,11-09-2026,14:52,4747
174.55184124,7447,24.28199999999999,0.0001792,0.20075752,12.09222744,79500,0.00018047,-0.80583511,11.85071147,8.208999999999996,5485.0,1502.89704536,11-09-2026,14:52,4885
160.16939619,4310,16.96999999999999,0.00016925,0.18628593,11.55271954,79600,0.00017015,-0.82089671,11.27247869,22.23100000000001,495.0,1588.47919939,11-09-2026,14:52,5037
135.58684713,3175,16.819999999999997,0.00015056,0.16012193,10.49064219,79800,0.00015044,-0.8473446,10.16576543,0.771,174.0,1764.07202155,11-09-2026,14:52,6815
115.39426383,37253,101.24600000000008,0.00013327,0.13811074,9.50352114,80000,0.00013216,-0.87026645,9.10349166,30.63999999999999,8066.0,1943.07115109,11-09-2026,14:52,8683
98.12566926,8456,27.097999999999995,0.00011754,0.11901926,8.57087243,80200,0.00011547,-0.88996382,8.10531807,0.339,321.0,2126.47778757,11-09-2026,14:52,10307
83.94872307,2333,96.00000000000003,0.00010339,0.1024873,7.69961759,80400,0.00010061,-0.9064896,7.19931355,0.14800000000000002,36.0,2312.2520762,11-09-2026,14:52,13259
78.05674727,10436,32.135,9.699e-05,0.09540857,7.30676418,80500,9.385e-05,-0.91361453,6.78766248,1.106,744.0,2406.29541964,11-09-2026,14:52,14762
72.79276302,65793,88.94799999999998,9.112e-05,0.0892581,6.95530339,80600,8.733e-05,-0.92060415,6.37014592,0.2,200.0,2500.09191385,11-09-2026,14:52,16268
56.08232959,38940,127.54500000000004,7.106e-05,0.0687712,5.70786168,81000,6.602e-05,-0.94162919,5.02400195,2.125,2092.0,2884.10100333,11-09-2026,14:52,25753
42.29096942,22537,51.794000000000025,5.298e-05,0.05138541,4.54235263,81500,4.648e-05,-0.95991533,3.71997839,0.198,40.0,3370.03552535,11-09-2026,14:52,38740
32.63525953,23225,120.52700000000002,3.985e-05,0.03875711,3.61951397,82000,3.256e-05,-0.97255671,2.72291199,0.23000000000000004,931.0,3860.62780438,11-09-2026,14:52,53322
18.79810981,27368,110.81100000000008,2.63e-05,0.02355837,2.3961181,82500,1.436e-05,-0.99036472,1.11190502,0.052000000000000005,2233.0,4344.00151274,11-09-2026,14:52,68746
10.54017444,47848,333.59200000000016,1.647e-05,0.01360725,1.5006126,83000,0.0,-1.0,0.0,0.4,1762.0,4840.1,11-09-2026,14:52,85015
5.74718693,32523,235.07399999999998,1.017e-05,0.00788443,0.93259592,83500,0.0,-1.0,0.0,0.02,600.0,5340.1,11-09-2026,14:52,103882
2.90935445,104819,423.82799999999975,6.14e-06,0.00450343,0.56763083,84000,0.0,-1.0,0.0,0.14300000000000002,500.0,5840.1,11-09-2026,14:52,124905
1.01537323,142246,498.3919999999999,2.4e-06,0.00165659,0.23020439,85000,0.0,-1.0,0.0,1.4859999999999998,1206.0,6840.1,11-09-2026,14:52,177824
0.53246133,72805,335.52199999999993,1.23e-06,0.00085483,0.12561927,86000,0.0,-1.0,0.0,0.076,50.0,7840.1,11-09-2026,14:52,244540
0.53408101,45840,238.38299999999998,1.01e-06,0.00077586,0.11489893,87000,0.0,-1.0,0.0,0.001,25.0,8840.1,11-09-2026,14:52,319317
0.53462046,78947,269.18399999999997,8.5e-07,0.00071179,0.1061269,88000,0.0,-1.0,0.0,0.3,30.0,9840.1,11-09-2026,14:52,398696
0.53624951,69117,149.337,7.3e-07,0.00065876,0.09881039,89000,0.0,-1.0,0.0,0.3600000000000001,563.0,10840.1,11-09-2026,14:52,485967
0.53710798,262438,295.39699999999976,6.3e-07,0.00061409,0.09260974,90000,,,,,,,11-09-2026,14:52,579624
8944.12996868,264,0.7,5.35e-06,0.99230367,0.90480377,69000,,,,,,,11-09-2026,15:11,614648
7943.70791363,16,0.003,6.69e-06,0.9912121,1.01660721,70000,4.05e-06,-0.00445754,0.55741548,296.58599999999973,421724.0,4.63916682,11-09-2026,15:11,460855
6944.25995578,20,,8.51e-06,0.98993134,1.14505123,71000,1.26e-06,-0.00085734,0.12482704,437.95699999999994,208279.0,0.56753279,11-09-2026,15:11,348818
5945.40905533,0,0.1,1.135e-05,0.98796878,1.3369168,72000,3.97e-06,-0.00292541,0.38197174,671.029,134735.0,1.21550488,11-09-2026,15:11,257795
4950.30858351,5,0.02,1.754e-05,0.98280594,1.8181456,73000,1.063e-05,-0.00835435,0.97245063,655.8359999999996,57385.0,6.15778843,11-09-2026,15:11,180227
3964.33193471,21,0.01,3.363e-05,0.96638728,3.19209197,74000,2.769e-05,-0.02428328,2.43584313,643.6470000000002,290238.0,19.61109377,11-09-2026,15:11,108382
2981.14760488,185,0.5710000000000001,5.969e-05,0.94367627,4.84082856,75000,5.446e-05,-0.04676021,4.17480575,296.1680000000001,77493.0,35.60133793,11-09-2026,15:11,65034
2497.10076002,2,,8.31e-05,0.92181804,6.23959166,75500,7.907e-05,-0.06896154,5.66862577,36.142,30853.0,52.98185153,11-09-2026,15:11,47304
2026.33553334,1000,1.1420000000000001,0.00011765,0.88642952,8.21608061,76000,0.00011568,-0.10561192,7.79835475,386.65600000000006,143535.0,81.85442348,11-09-2026,15:11,31175
1575.44424733,256,0.333,0.00016521,0.83000697,10.80685312,76500,0.0001656,-0.16248556,10.49630952,91.49400000000003,16498.0,130.81026448,11-09-2026,15:11,21463
1163.1560436,2847,4.383999999999999,0.00022069,0.74273173,13.77729152,77000,0.00022411,-0.2516154,13.61788297,101.28500000000003,28390.0,218.27301175,11-09-2026,15:11,13385
1014.67601283,319,1.455,0.00024169,0.698776,14.87658861,77200,0.00024584,-0.29705532,14.78282298,29.847,11581.0,269.66893634,11-09-2026,15:11,10560
878.07025648,1000,1.259,0.00025875,0.64924988,15.83136406,77400,0.00026365,-0.34810206,15.78713862,14.148,5351.0,332.15815918,11-09-2026,15:11,7982
814.33046283,1869,4.838,0.0002652,0.62260699,16.22650101,77500,0.00027038,-0.37474312,16.19109679,25.048999999999985,5398.0,369.50286658,11-09-2026,15:11,6807
754.75453223,1777,6.26,0.00026976,0.59563469,16.54615391,77600,0.00027567,-0.40253089,16.52652768,54.62800000000001,6722.0,409.4074007,11-09-2026,15:11,5747
645.25350992,5012,14.889000000000003,0.00027496,0.54052608,16.94976637,77800,0.00028059,-0.45878962,16.94676731,16.976999999999997,4542.0,500.30891973,11-09-2026,15:11,3750
549.39254323,19152,77.267,0.0002733,0.4855305,17.02663278,78000,0.00027886,-0.51491421,17.0258433,106.42300000000003,27216.0,604.6226164,11-09-2026,15:11,2181
466.00866273,10455,40.407,0.00026619,0.43222423,16.79154795,78200,0.00027192,-0.56946268,16.77880704,44.23799999999998,17436.0,721.1206587,11-09-2026,15:11,851
394.01225839,6298,47.649000000000015,0.00025504,0.38145765,16.28002583,78400,0.0002599,-0.62124205,16.24458226,51.313999999999986,3900.0,848.25547384,11-09-2026,15:11,-99
362.82675137,16844,54.432000000000016,0.00024795,0.35727376,15.93523171,78500,0.00025263,-0.64536435,15.89432785,27.704000000000008,6362.0,917.17473415,11-09-2026,15:11,-169
332.64977264,6819,57.70700000000002,0.00023996,0.3345244,15.55035526,78600,0.00024428,-0.66935486,15.47833097,29.919999999999995,928.0,987.16124963,11-09-2026,15:11,102
280.46972925,4842,32.19799999999999,0.00022208,0.29207249,14.66775317,78800,0.00022561,-0.71246705,14.56027733,25.505999999999993,3775.0,1135.35379394,11-09-2026,15:11,881
235.69356541,25079,52.56900000000001,0.00020366,0.25327579,13.66516972,79000,0.00020638,-0.75234386,13.50335701,34.781,5319.0,1290.13096759,11-09-2026,15:11,1404
197.2112184,2476,54.815000000000026,0.00018486,0.21872592,12.60344157,79200,0.00018665,-0.7876534,12.38894084,12.455999999999989,2676.0,1452.12143312,11-09-2026,15:11,2733
165.55606903,3786,33.174,0.00016622,0.18786787,11.50892345,79400,0.00016703,-0.81853487,11.26361814,10.693999999999999,4588.0,1620.74224949,11-09-2026,15:11,3920
151.61203409,7462,24.276999999999994,0.0001571,0.17401887,10.96953377,79500,0.00015747,-0.83333746,10.67038977,8.177999999999997,5485.0,1706.57650431,11-09-2026,15:11,4086
138.74442944,8313,21.109999999999992,0.0001483,0.1613334,10.44769077,79600,0.00014817,-0.8464311,10.11459273,22.11400000000001,495.0,1794.01234276,11-09-2026,15:11,4240
117.55135598,3191,18.432999999999996,0.00013151,0.13871622,9.44622502,79800,0.00013043,-0.86958452,9.05457316,1.734,205.0,1972.63338751,11-09-2026,15:11,6396
100.48136386,33247,105.85800000000006,0.00011624,0.11959183,8.52264268,80000,0.00011433,-0.8889367,8.08617548,30.587999999999994,8116.0,2155.30089875,11-09-2026,15:11,8590
87.00142399,8456,27.072999999999997,0.00010266,0.10400781,7.71240571,80200,0.00010007,-0.90474821,7.23252739,0.339,321.0,2342.04416244,11-09-2026,15:11,10200
75.98931571,2883,97.14700000000002,9.049e-05,0.0902017,6.94674377,80400,8.691e-05,-0.91945267,6.3819909,0.14800000000000002,36.0,2530.67864809,11-09-2026,15:11,13398
71.26497197,9850,33.271,8.53e-05,0.08504667,6.64848607,80500,8.166e-05,-0.92421167,6.09388448,1.106,744.0,2626.16629047,11-09-2026,15:11,15040
67.09341619,65802,89.24899999999998,8.035e-05,0.08002627,6.35074085,80600,7.622e-05,-0.9298414,5.74426398,0.2,200.0,2722.36375955,11-09-2026,15:11,16650
52.54305906,40844,151.35700000000003,6.335e-05,0.06273723,5.26787258,81000,5.799e-05,-0.94791461,4.55030143,2.125,2092.0,3106.97067038,11-09-2026,15:11,26618
37.93065193,22537,52.79800000000002,4.651e-05,0.04510541,4.05585758,81500,3.886e-05,-0.96729861,3.12069252,0.198,40.0,3591.74183162,11-09-2026,15:11,40306
26.20372795,23199,129.17700000000002,3.361e-05,0.03172122,3.04324882,82000,2.481e-05,-0.98051731,2.02228978,0.23000000000000004,931.0,4079.81007552,11-09-2026,15:11,55629
14.48007796,30807,117.62400000000005,2.174e-05,0.01890499,1.97123859,82500,7.85e-06,-0.99545015,0.56770302,0.033,2227.0,4567.99368847,11-09-2026,15:11,71768
7.76032766,50109,340.42000000000013,1.364e-05,0.0110488,1.24158749,83000,0.0,-1.0,0.0,0.4,1762.0,5067.0,11-09-2026,15:11,88905
3.86919418,31269,236.3229999999999,7.9e-06,0.00591088,0.71657515,83500,0.0,-1.0,0.0,0.02,600.0,5567.0,11-09-2026,15:11,108755
1.93644761,106125,427.65799999999984,4.47e-06,0.0031287,0.40579174,84000,0.0,-1.0,0.0,0.14300000000000002,500.0,6066.6,11-09-2026,15:11,130730
1.01419481,148168,504.4799999999999,2.28e-06,0.00161422,0.22281305,85000,0.0,-1.0,0.0,1.4859999999999998,1206.0,7066.6,11-09-2026,15:11,185703
0.53099466,74310,336.5419999999999,1.17e-06,0.00083553,0.12190583,86000,0.0,-1.0,0.0,0.076,50.0,8066.6,11-09-2026,15:11,255060
0.53308232,45840,238.38299999999998,9.7e-07,0.00076034,0.111766,87000,0.0,-1.0,0.0,0.001,25.0,9066.6,11-09-2026,15:11,332653
0.53393345,78947,265.68399999999997,8.2e-07,0.00069908,0.10343984,88000,0.0,-1.0,0.0,0.3,30.0,10066.6,11-09-2026,15:11,414849
0.53538528,69117,140.12600000000003,7.1e-07,0.0006482,0.09647709,89000,0.0,-1.0,0.0,0.3600000000000001,563.0,11066.6,11-09-2026,15:11,504937
0.53629876,262438,295.3889999999998,6.2e-07,0.00060506,0.09052897,90000,,,,,,,11-09-2026,15:11,601400
9008.2597251,266,0.7,5.58e-06,0.99175981,0.95829931,69000,,,,,,,11-09-2026,15:22,616882
8008.10196375,16,0.003,6.31e-06,0.99179729,0.95447845,70000,3.71e-06,-0.00402509,0.50748749,296.5889999999997,421724.0,3.97534287,11-09-2026,15:22,462647
7008.30362486,20,,7.98e-06,0.99066419,1.06915778,71000,1.24e-06,-0.00085012,0.12354322,437.96599999999995,209327.0,0.53415051,11-09-2026,15:22,350192
6009.44785239,0,0.1,1.156e-05,0.98744224,1.38392283,72000,2.55e-06,-0.00169183,0.23195212,671.029,135235.0,1.63542271,11-09-2026,15:22,258830
5014.10527989,5,0.02,1.763e-05,0.98230555,1.85840317,73000,1.041e-05,-0.00826729,0.96106704,628.4149999999995,57377.0,5.83161623,11-09-2026,15:22,180965
4025.65429707,47,0.007,3.233e-05,0.96768198,3.08255488,74000,2.565e-05,-0.0220794,2.24256003,648.0520000000001,284035.0,17.24800386,11-09-2026,15:22,108830
3041.8131017,185,0.5710000000000001,5.704e-05,0.94633067,4.64768155,75000,5.172e-05,-0.0441958,3.9795444,300.7550000000001,82654.0,32.62381012,11-09-2026,15:22,64664
2557.71153952,2,,7.965e-05,0.92496245,6.03222763,75500,7.515e-05,-0.06514747,5.41065729,56.321000000000005,30849.0,48.65350547,11-09-2026,15:22,46745
2084.4685719,1000,1.149,0.00011249,0.89191529,7.90931936,76000,0.00011012,-0.09959355,7.45374158,382.49700000000007,146283.0,75.38016772,11-09-2026,15:22,30432
1631.03722201,695,0.8490000000000001,0.00015856,0.8362879,10.52040158,76500,0.0001584,-0.15479909,10.14190901,92.09700000000004,18499.0,121.84935931,11-09-2026,15:22,20738
1213.47238609,2748,4.384999999999998,0.00021316,0.75513813,13.38718444,77000,0.0002158,-0.2396745,13.23280373,101.14400000000003,28797.0,204.50643916,11-09-2026,15:22,12787
1061.20843385,333,1.455,0.00023434,0.71249474,14.52220807,77200,0.00023812,-0.28338853,14.42278843,29.972,12581.0,252.42153013,11-09-2026,15:22,10026
920.50116355,1000,1.259,0.0002524,0.66437862,15.53019123,77400,0.00025698,-0.33220658,15.46803219,14.047999999999998,5351.0,311.29968165,11-09-2026,15:22,7497
855.45130211,1178,5.5489999999999995,0.00025936,0.63798473,15.96683572,77500,0.00026488,-0.35815786,15.90827067,25.07199999999998,5562.0,346.37183396,11-09-2026,15:22,6363
794.12160042,1777,6.3199999999999985,0.00026546,0.6122643,16.31659233,77600,0.0002704,-0.3854645,16.28902973,55.107000000000006,6722.0,384.9434354,11-09-2026,15:22,5279
683.77613409,2275,19.921000000000003,0.00027108,0.55780667,16.8152394,77800,0.0002768,-0.44111587,16.80850284,17.125999999999998,4614.0,474.32857752,11-09-2026,15:22,3346
585.77774915,18516,78.398,0.00027083,0.50314415,16.99347415,78000,0.00027657,-0.49689196,16.99343944,106.22700000000003,24378.0,576.10618239,11-09-2026,15:22,1606
498.2765227,17426,45.65400000000001,0.00026602,0.44997748,16.8605878,78200,0.00027127,-0.55122788,16.85374241,44.04299999999998,17393.0,688.67147219,11-09-2026,15:22,467
421.50629758,6491,47.99700000000002,0.00025676,0.39855051,16.44158624,78400,0.00026139,-0.60354728,16.41860923,51.32499999999999,3929.0,811.84063349,11-09-2026,15:22,15
385.83912757,16990,54.45900000000002,0.00025018,0.37424039,16.14271464,78500,0.00025443,-0.62807571,16.11079526,27.704000000000008,6361.0,877.46607844,11-09-2026,15:22,12
354.32873079,6969,57.733000000000025,0.00024382,0.35027466,15.78279049,78600,0.00024744,-0.65250727,15.73683703,29.919999999999995,928.0,945.45611899,11-09-2026,15:22,386
297.3358162,4810,32.22999999999999,0.0002277,0.3056063,14.93433875,78800,0.00023134,-0.69856672,14.84269936,25.530999999999995,3743.0,1087.95407594,11-09-2026,15:22,1256
250.80786074,25278,54.88300000000001,0.00020938,0.26586936,13.97592056,79000,0.00021196,-0.73859769,13.85575421,33.86299999999999,5768.0,1241.12431338,11-09-2026,15:22,1873
213.1517136,2539,55.284000000000034,0.0001903,0.23103595,12.96727519,79200,0.00019194,-0.77444239,12.79334774,12.495999999999988,2681.0,1403.87229482,11-09-2026,15:22,3294
182.03772627,3786,33.164,0.0001712,0.20102502,11.96220917,79400,0.0001727,-0.80524388,11.73573897,9.469000000000001,4589.0,1572.26970945,11-09-2026,15:22,4578
167.83142337,7472,24.27699999999999,0.00016244,0.18738816,11.46147924,79500,0.00016309,-0.81816048,11.24919496,8.177999999999997,5486.0,1658.56394711,11-09-2026,15:22,4813
154.77105148,8313,20.909999999999993,0.00015375,0.17415918,10.94711386,79600,0.00015397,-0.83286184,10.66246164,21.892000000000003,495.0,1745.33545172,11-09-2026,15:22,5045
131.13331449,4441,19.432999999999996,0.00013709,0.15038238,9.94906696,79800,0.00013656,-0.85721735,9.60866005,1.7280000000000002,205.0,1921.42366277,11-09-2026,15:22,7297
111.83104338,34247,114.03600000000006,0.00012163,0.13020537,9.0210838,80000,0.00012024,-0.87848643,8.59675519,25.25799999999999,8116.0,2102.10578373,11-09-2026,15:22,9619
96.49459969,8457,27.073999999999998,0.00010802,0.11363656,8.1985346,80200,0.0001058,-0.895322,7.72859289,0.339,321.0,2286.81674523,11-09-2026,15:22,11446
84.87077841,2790,97.22400000000002,9.588e-05,0.09980682,7.46539986,80400,9.34e-05,-0.90825509,7.01678779,0.14800000000000002,36.0,2475.05059301,11-09-2026,15:22,14780
79.93209538,9850,33.274,9.033e-05,0.09381538,7.1333934,80500,8.736e-05,-0.91518116,6.61799627,1.106,744.0,2569.65562624,11-09-2026,15:22,16485
75.23815083,65802,88.249,8.52e-05,0.08806318,6.80636887,80600,8.172e-05,-0.92143947,6.24643906,0.2,200.0,2665.54500515,11-09-2026,15:22,18170
59.28733457,48042,155.453,6.747e-05,0.06910418,5.66305159,81000,6.31e-05,-0.94052918,5.03927892,2.125,2092.0,3049.21674559,11-09-2026,15:22,28440
41.69854532,21037,54.04800000000003,4.962e-05,0.04940237,4.35147918,81500,4.251e-05,-0.96289247,3.45294928,0.198,40.0,3531.27835227,11-09-2026,15:22,42878
29.61351985,26871,135.249,3.649e-05,0.03557592,3.33590031,82000,2.838e-05,-0.97655298,2.35909699,0.23000000000000004,931.0,4018.96940515,11-09-2026,15:22,58797
16.63290222,30807,117.05000000000007,2.4e-05,0.02154363,2.19652779,82500,1.399e-05,-0.99024603,1.11090279,0.026000000000000002,2227.0,4505.99440251,11-09-2026,15:22,75738
9.20755838,50109,340.6200000000001,1.483e-05,0.01223544,1.35309213,83000,0.0,-1.0,0.0,0.4,1762.0,5002.1,11-09-2026,15:22,93673
5.11801085,31269,236.3039999999999,9.19e-06,0.00714141,0.84488043,83500,0.0,-1.0,0.0,0.01,600.0,5502.1,11-09-2026,15:22,114319
2.85494889,106091,427.6859999999998,5.89e-06,0.00440898,0.55057382,84000,0.0,-1.0,0.0,0.14300000000000002,500.0,6002.1,11-09-2026,15:22,137079
1.07657847,148168,505.47899999999987,2.32e-06,0.00162598,0.22371447,85000,0.0,-1.0,0.0,1.4859999999999998,1206.0,7002.0,11-09-2026,15:22,193617
0.56407625,74320,336.5569999999999,1.19e-06,0.00084088,0.12230706,86000,0.0,-1.0,0.0,0.076,50.0,8002.0,11-09-2026,15:22,264533
0.56445315,45832,238.38299999999998,9.8e-07,0.00076452,0.1120421,87000,0.0,-1.0,0.0,0.001,25.0,9002.0,11-09-2026,15:22,343679
0.56112624,78947,264.98400000000004,8.3e-07,0.00070266,0.10366205,88000,0.0,-1.0,0.0,0.3,30.0,10002.1,11-09-2026,15:22,427427
0.56025976,69117,140.12600000000003,7.1e-07,0.00065115,0.09663216,89000,0.0,-1.0,0.0,0.3600000000000001,563.0,11002.1,11-09-2026,15:22,519067
0.56043178,262437,295.43999999999977,6.2e-07,0.0006075,0.09063201,90000,,,,,,,11-09-2026,15:22,617085
9041.73608964,254,0.71,4.99e-06,0.99291231,0.80985297,69000,,,,,,,11-09-2026,17:11,752031
8041.91174224,16,0.002,6.09e-06,0.99215483,0.88564304,70000,3.94e-06,-0.00436379,0.5263857,294.07299999999935,425630.0,4.44673515,11-09-2026,17:11,569445
7042.68590362,20,,8.01e-06,0.99055575,1.04221339,71000,1.92e-06,-0.00146801,0.19667223,469.0330000000001,282121.0,1.03932551,11-09-2026,17:11,429017
6044.18289028,0,0.1,1.111e-05,0.98805151,1.27916196,72000,3.87e-06,-0.00288674,0.36324511,708.233,170272.0,1.97690388,11-09-2026,17:11,316964
5050.87828824,5,0.02,1.863e-05,0.98058124,1.94099208,73000,1.214e-05,-0.01032634,1.12662635,584.2539999999999,77716.0,7.92530238,11-09-2026,17:11,221920
4069.7435446,47,0.032,3.567e-05,0.96106731,3.46499017,74000,3.174e-05,-0.03167687,2.92559095,666.7140000000002,296029.0,27.72341654,11-09-2026,17:11,134623
3081.87599761,192,0.5730000000000001,5.883e-05,0.94160478,4.79340961,75000,5.446e-05,-0.049724,4.22058555,318.0389999999999,119968.0,39.53434397,11-09-2026,17:11,76191
2597.61762126,2,,7.988e-05,0.92172237,6.01125446,75500,7.642e-05,-0.07007407,5.52389255,78.44499999999998,49519.0,55.02053961,11-09-2026,17:11,52969
2128.82345071,1704,3.021,0.00011263,0.88489561,7.98345124,76000,0.00011099,-0.10790422,7.6228203,408.9770000000002,156769.0,85.99529471,11-09-2026,17:11,32366
1680.00019828,895,1.4900000000000002,0.00015519,0.82979921,10.40931795,76500,0.0001553,-0.16335102,10.13727551,112.475,34926.0,137.41723412,11-09-2026,17:11,18973
1266.59531027,4472,8.354999999999999,0.0002034,0.75039027,13.05213358,77000,0.00020574,-0.24523348,12.92933104,128.95099999999996,34682.0,223.76598883,11-09-2026,17:11,8027
1116.7944257,1430,2.942,0.00022196,0.70889057,14.09608892,77200,0.00022544,-0.288349,14.03256624,44.33700000000005,14892.0,273.66957579,11-09-2026,17:11,4353
977.54489607,879,7.355999999999999,0.00023782,0.66241008,15.01997578,77400,0.00024189,-0.33543512,14.98221251,15.905999999999999,5572.0,334.66948649,11-09-2026,17:11,968
913.20212567,1225,6.845999999999999,0.00024428,0.63761859,15.41240976,77500,0.0002483,-0.35931342,15.36782789,49.381,28766.0,370.12422837,11-09-2026,17:11,-636
851.69481214,2135,11.101999999999995,0.00024907,0.61333818,15.73209553,77600,0.00025348,-0.38543441,15.71711846,63.688,6181.0,408.74327321,11-09-2026,17:11,-2793
738.88631419,25177,46.043000000000035,0.00025496,0.56140843,16.20330407,77800,0.00025942,-0.43764131,16.19722076,33.031000000000006,10818.0,495.99021979,11-09-2026,17:11,-5106
637.30222844,30029,116.09599999999998,0.000256,0.51222867,16.39174595,78000,0.00026054,-0.49001421,16.39281797,152.68000000000006,38141.0,594.18421623,11-09-2026,17:11,-5304
546.20608122,12496,82.441,0.0002528,0.45997044,16.31575898,78200,0.00025719,-0.53931077,16.3197702,59.95799999999915,13940.0,703.03550464,11-09-2026,17:11,-5815
465.35697485,15210,63.12100000000005,0.00024631,0.41215184,16.00033909,78400,0.00025003,-0.5911748,15.96816427,46.26899999999998,4185.0,821.7719098,11-09-2026,17:11,-5743
429.45256992,73077,121.31200000000005,0.00024074,0.38693985,15.73531165,78500,0.00024464,-0.61496899,15.71262466,41.669000000000004,12421.0,886.11093251,11-09-2026,17:11,-5000
395.39674449,7748,60.91100000000003,0.00023521,0.36560721,15.4598962,78600,0.00023905,-0.63881452,15.39531005,30.02399999999999,802.0,952.07396658,11-09-2026,17:11,-1728
335.02237652,6003,35.76,0.0002215,0.32051665,14.70938474,78800,0.00022493,-0.68182857,14.66479002,27.64199999999999,4193.0,1091.08596728,11-09-2026,17:11,1141
283.38212405,48425,90.60800000000002,0.00020617,0.28157341,13.87497477,79000,0.00020834,-0.72331458,13.75662024,32.31999999999999,7191.0,1240.15447015,11-09-2026,17:11,3727
239.38764315,2874,51.086000000000034,0.0001896,0.24539662,12.93367939,79200,0.00019127,-0.75999944,12.77845365,11.743999999999993,2657.0,1396.12645594,11-09-2026,17:11,8163
201.90564467,5231,33.317,0.00017229,0.21211571,11.91615385,79400,0.00017363,-0.79085426,11.81859574,9.087,4590.0,1558.84103337,11-09-2026,17:11,11927
185.58089962,8436,27.643999999999984,0.0001637,0.19718623,11.40956092,79500,0.00016484,-0.80807771,11.22346024,7.6099999999999985,5252.0,1642.19305252,11-09-2026,17:11,13448
170.74401603,8644,21.11399999999999,0.0001559,0.18453374,10.95534131,79600,0.00015616,-0.82214536,10.70478959,21.778000000000002,812.0,1727.08109038,11-09-2026,17:11,15010
145.09070615,5525,23.54399999999999,0.00013929,0.15878105,9.95106984,79800,0.00013933,-0.84730902,9.6978563,1.532,278.0,1901.68598236,11-09-2026,17:11,19743
124.5023014,71125,184.38800000000006,0.00012431,0.13828414,9.07223232,80000,0.00012364,-0.86855846,8.76202436,21.026999999999994,8773.0,2081.15829219,11-09-2026,17:11,24611
108.26071018,9980,33.035000000000004,0.00011079,0.12114828,8.27773129,80200,0.00010978,-0.88553461,7.95247117,0.25399999999999995,381.0,2265.10990827,11-09-2026,17:11,30110
95.90000539,2190,98.50100000000003,9.888e-05,0.1074027,7.59724754,80400,9.703e-05,-0.9000681,7.21020368,0.14800000000000002,36.0,2452.32700767,11-09-2026,17:11,36778
90.39376869,9675,34.93900000000001,9.342e-05,0.10084854,7.25841529,80500,9.133e-05,-0.90645036,6.86904971,0.931,714.0,2547.19605363,11-09-2026,17:11,40136
86.10001641,66370,92.61399999999999,8.879e-05,0.0962294,7.0138041,80600,8.611e-05,-0.91194455,6.56735669,0.30000000000000004,100.0,2642.59071181,11-09-2026,17:11,43491
70.00990387,62108,173.40800000000002,7.16e-05,0.07775038,5.98062824,81000,6.813e-05,-0.9310351,5.45632477,2.137,2084.0,3026.20230203,11-09-2026,17:11,60492
52.77311712,26169,72.29200000000003,5.405e-05,0.05786666,4.75940229,81500,4.987e-05,-0.95083624,4.18268031,0.197,40.0,3508.70933617,11-09-2026,17:11,84076
40.24524369,59899,201.72899999999998,4.15e-05,0.04428376,3.84632818,82000,3.619e-05,-0.96530405,3.15341101,0.22900000000000004,937.0,3996.6659604,11-09-2026,17:11,109290
24.00812405,36043,136.24100000000004,2.848e-05,0.02800446,2.64152197,82500,2.059e-05,-0.98308315,1.72567039,0.10500000000000001,2313.0,4480.09643111,11-09-2026,17:11,137288
13.85661223,82399,382.29600000000005,1.89e-05,0.01730367,1.75946324,83000,5.72e-06,-0.9966412,0.41634167,0.3,1762.0,4969.61260172,11-09-2026,17:11,166388
8.05579907,31043,242.90599999999975,1.216e-05,0.01043077,1.13663176,83500,0.0,-1.0,0.0,0.01,600.0,5467.7,11-09-2026,17:11,199885
4.02964752,119389,472.3609999999997,7.1e-06,0.0056011,0.65755195,84000,0.0,-1.0,0.0,0.135,500.0,5967.7,11-09-2026,17:11,235422
1.05901325,193884,540.7620000000001,2.33e-06,0.0016312,0.21650362,85000,0.0,-1.0,0.0,1.4859999999999998,1206.0,6967.7,11-09-2026,17:11,318840
0.55454319,99020,356.86799999999994,1.2e-06,0.00084326,0.11832622,86000,0.0,-1.0,0.0,0.076,50.0,7967.7,11-09-2026,17:11,421199
0.55352875,48054,208.566,9.9e-07,0.00076643,0.10836268,87000,0.0,-1.0,0.0,0.001,25.0,8967.7,11-09-2026,17:11,534249
0.55359647,79047,251.11900000000003,8.3e-07,0.00070423,0.10023485,88000,0.0,-1.0,0.0,0.3,30.0,9967.7,11-09-2026,17:11,652122
0.55324677,70877,148.988,7.2e-07,0.0006524,0.09340843,89000,0.0,-1.0,0.0,0.132,541.0,10967.7,11-09-2026,17:11,777897
0.5525518,258020,244.351,6.2e-07,0.00060862,0.08760371,90000,,,,,,,11-09-2026,17:11,910250
